Нормальное с масштабом 1.0000 и 1.1 со сдвигом 0.0000
0 400
-5.5249680696012082e-01
7.2715238932828064e-01
6.0423352564147448e-01
3.0137981932484168e+00
4.1446798021738485e-01
2.3657704949018772e+00
1.5394556451140318e+00
-8.3428239143099892e-01
1.0152580251911496e+00
1.6819892370441374e+00
-9.5064741339024772e-01
-3.0452966423635253e-01
6.6548193863984884e-01
-7.2938918527398244e-01
2.9805291293663838e-01
2.0440216966093923e+00
-1.7259197077993167e+00
-3.7989677981735070e-01
1.2904924716430279e+00
-1.1972918576136522e+00
-3.8299386715052286e-01
1.0040740281183091e+00
-5.4011844857150426e-01
5.7439860388223352e-01
-1.8745443164035729e+00
4.8793591492998761e-01
-6.4774379526104131e-01
2.1914605556165223e-01
1.2975657640826914e+00
2.4337993004483480e-01
5.4513272706725822e-03
5.4757591929732474e-01
-1.5998003465695625e+00
-5.1455585425570038e-01
-4.5268265636492783e-01
1.2984752163826399e-01
-2.6306772835070008e-01
6.7047843327688073e-01
6.5189264917094325e-01
5.8323288699655496e-01
1.0654189748249696e+00
1.7406294358217704e+00
8.5403065639682987e-02
6.5975079408030690e-01
1.2746399570268983e+00
2.9058281490658553e+00
-8.3588558536160584e-01
-1.4457420856396628e+00
3.2864531088072593e-02
-1.0739822294874961e+00
-1.9949040761409723e-01
7.2866768336300858e-01
1.6117077101810795e+00
-1.1115745352965090e+00
-1.3313098516462296e+00
4.0767460448648868e-01
1.0299018073383568e+00
-6.0299989470280646e-01
-4.0049524451291807e-01
-8.3911412706339705e-01
-2.0271691470200630e+00
-1.2721684803123037e+00
4.3001021875077022e-01
2.0098428641956025e+00
6.2948935573002385e-01
1.1999427454687289e-01
1.9832862240178257e+00
-8.3033032050237632e-01
-4.2709294083754590e-01
1.1469739171256312e+00
-9.2827918441143221e-03
-2.5180795976713499e+00
-1.4659501309025100e+00
4.0466226152159612e-01
2.0158531543274303e+00
1.0076905218218188e+00
-1.2897467743838906e+00
2.3507186296170493e-01
-2.6790256777199595e-01
-1.5165914656617943e+00
-1.7382412826514447e-02
-1.8586134318662937e+00
-7.0539183719710785e-01
1.1920028363911861e-01
-7.1643601301813364e-01
-9.0483769846949613e-01
1.4143782876634974e+00
2.2580580543435729e+00
1.5499590857548280e+00
-2.4860902972896332e-01
1.2447961584069980e-01
9.2636585761108048e-01
4.9613094070846020e-01
6.3096281447458102e-01
-7.2786636064233401e-01
1.5091843923341610e+00
6.3507634787256628e-01
2.7361137907532182e-02
-8.6936336017006033e-01
4.7037457897203275e-02
-3.3159723464230878e-01
-7.4817249488259996e-01
-9.2894158007271965e-02
-1.7253166050421875e-03
2.1642949260202444e+00
-1.7859919161942857e+00
-1.0720403485549705e+00
9.4060990158060909e-01
-7.0859940257441945e-01
-1.8337648758059395e+00
-3.0267461351581697e-02
3.1377607918642647e-01
-6.9832966693371623e-01
4.2356086472479521e-01
-6.7850497600247583e-01
1.3476067470295336e+00
-8.0613918855443778e-01
5.4047022787052745e-01
7.2483882964878829e-02
5.1652721987177674e-01
2.4110424359116600e-01
4.1207413108614699e-01
-2.4122714080814761e-01
-1.5997570328969295e+00
-7.5512596041655122e-01
8.5174960963167956e-01
1.3206238115550790e+00
3.3724182847717082e-01
-1.2174969138799960e+00
-5.8572030517664864e-01
-6.9382763940151859e-01
1.3532523628963813e+00
1.3410262438356024e+00
2.5948874442433573e-01
-8.9797441390290333e-01
3.2606255334495925e-02
1.7671237846799207e-01
-4.1168208099758430e-01
-9.9965836304239186e-01
8.1929750933079873e-02
4.8301372945979282e-01
-3.0212271616818653e-01
1.1742062982789066e-01
-4.1024419386605421e-01
-6.7935408112007323e-01
-1.2163024199256105e+00
-6.4834982934843599e-01
-5.1466803316648613e-01
-3.5109068927052439e-01
1.6623314262870643e+00
2.0727729997824818e+00
1.7317316771329334e+00
-7.2384141309062872e-02
-5.7913497815580209e-02
-2.0885726372810880e+00
5.1433426173825358e-01
-8.0435457415076395e-01
-7.5421724680767872e-03
-4.4479946372123863e-01
-3.7105172635662348e-01
-2.1426966934636338e-01
6.0573035445520118e-01
-1.0191281370922209e+00
1.6879580952655310e-01
-4.4619157586086466e-01
9.4328009011451197e-01
-9.1958887300907477e-01
3.6343311481433854e-01
9.2092606060537252e-01
-1.2378357731011858e-01
-2.1810315282476203e+00
1.0637667267578583e+00
7.6038263526686001e-01
-2.8000189474210058e-01
-8.1918152231318608e-01
-8.2156586202700421e-01
-1.7143547992793271e+00
-7.4320540836755267e-01
1.4835580337659284e+00
5.0654644976100871e-01
1.2786713372439307e+00
-5.9814561501796293e-01
-2.6817013559270492e-01
-3.2403773418585030e-01
1.1736558473180823e+00
2.0466479841053351e-02
-1.3483580950281033e+00
4.1678743438136273e-01
7.1983990134749998e-01
7.9275231524880074e-01
-8.0610041028052237e-01
1.1849817967137386e+00
-9.1301302682718521e-01
-1.1012116446311299e-01
3.7136123994909703e-01
-9.7550620729403126e-01
-5.5290176758612933e-02
7.9542932509142805e-01
-8.5025569503595133e-01
-9.9356746555344277e-01
-6.0774648757864580e-01
7.9986762825692459e-01
6.6465687815998376e-01
3.3151780160148610e+00
4.5591477842524869e-01
2.6023475443925150e+00
1.6934012096218010e+00
-9.1771063061064950e-01
1.1167838277102851e+00
1.8501881607485504e+00
-1.0457121547298673e+00
-3.3498263065998796e-01
7.3203013248680571e-01
-8.0232810379743680e-01
3.2785820423030204e-01
2.2484238658119793e+00
-1.8985116785792504e+00
-4.1788645776521266e-01
1.4195417188076489e+00
-1.3170210433726746e+00
-4.2129325382920874e-01
1.1044814309301791e+00
-5.9413029334435352e-01
6.3183846420636403e-01
-2.0619987481055868e+00
5.3672950632420136e-01
-7.1251817476355861e-01
2.4106066111781740e-01
1.4273223404921238e+00
2.6771792304931830e-01
5.9964599977398378e-03
6.0233351114676759e-01
-1.7597803813454762e+00
-5.6601143958631006e-01
-4.9795092191196605e-01
1.4283227380209054e-01
-2.8937450118577029e-01
7.3752627658912784e-01
7.1708191406611599e-01
6.4155617563768763e-01
1.1719608722961701e+00
1.9146923794039463e+00
9.3943372000370645e-02
7.2572587346934947e-01
1.4021039527295942e+00
3.1964109639801488e+00
-9.1947414393273852e-01
-1.5903162941648477e+00
3.6150984196892694e-02
-1.1813804524321148e+00
-2.1943944837550694e-01
8.0153445169528958e-01
1.7728784814056278e+00
-1.2227319888261574e+00
-1.4644408368999329e+00
4.4844206487784116e-01
1.1328919878095001e+00
-6.6329988412671925e-01
-4.4054476891307059e-01
-9.2302553980170510e-01
-2.2298860603245214e+00
-1.3993853283435365e+00
4.7301124083951740e-01
2.2108271506151653e+00
6.9243829127116319e-01
1.3199370200156041e-01
2.1816148464196221e+00
-9.1336335259331258e-01
-4.6980223501921620e-01
1.2616713092577487e+00
-1.0211071028525785e-02
-2.7698875568252790e+00
-1.6125451439547462e+00
4.4512848761903612e-01
2.2174384697601748e+00
1.1084595740040328e+00
-1.4187214518225519e+00
2.5857904925787550e-01
-2.9469282454919549e-01
-1.6682506122121870e+00
-1.9120654109167266e-02
-2.0444747752069583e+00
-7.7593102090960075e-01
1.3112031200303045e-01
-7.8807961431443507e-01
-9.9532146832028501e-01
1.5558161164048510e+00
2.4838638597779257e+00
1.7049549943336075e+00
-2.7346993270185982e-01
1.3692757742476988e-01
1.0190024433738609e+00
5.4574403468076116e-01
6.9405909589089987e-01
-8.0065299670246104e-01
1.6601028315480171e+00
6.9858398263065480e-01
3.0097251698292932e-02
-9.5629969620001765e-01
5.1741203686956533e-02
-3.6475695791387092e-01
-8.2298974463036123e-01
-1.0218357353902158e-01
-1.8978482655464227e-03
2.3807244186230907e+00
-1.9645911069544999e+00
-1.1792443834052169e+00
1.0346708917395946e+00
-7.7945934282517759e-01
-2.0171413639404903e+00
-3.3294207486750167e-02
3.4515368682817382e-01
-7.6816263361857606e-01
4.6591695131756111e-01
-7.4635547358960241e-01
1.4823674221251151e+00
-8.8675310748550040e-01
5.9451725057346094e-01
7.9732271154620615e-02
5.6817994176460496e-01
2.6521466795028242e-01
4.5328154440030471e-01
-2.6534985488896262e-01
-1.7597327363053341e+00
-8.3063855668603603e-01
9.3692457061707324e-01
1.4526861927390113e+00
3.7096601115510608e-01
-1.3392466052213245e+00
-6.4429233563735355e-01
-7.6321040333224333e-01
1.4885775998061801e+00
1.4751288684418551e+00
2.8543761886676916e-01
-9.8777185529812095e-01
3.5866880867958147e-02
1.9438361631479126e-01
-4.5285028930615179e-01
-1.0996241993466820e+00
9.0122725851407168e-02
5.3131510230727330e-01
-3.3233498778500503e-01
1.2916269281067963e-01
-4.5126861347365804e-01
-7.4728948921918914e-01
-1.3379326618768357e+00
-7.1318481225994124e-01
-5.6613483638820827e-01
-3.8619975818328667e-01
1.8285645689157493e+00
2.2800503006045001e+00
1.9049048448462285e+00
-7.9622555333865197e-02
-6.3704847564305250e-02
-2.2974299013077912e+00
5.6576768781705244e-01
-8.8479003164479264e-01
-8.2963897148844636e-03
-4.8927941000820796e-01
-4.0815689896519330e-01
-2.3569663628099982e-01
6.6630338985596294e-01
-1.1210409508014592e+00
1.8567539047920831e-01
-4.9081073336098469e-01
1.0376080991267866e+00
-1.0115477603121728e+00
3.9977642627402293e-01
1.0130186666679883e+00
-1.3616193504113056e-01
-2.3991346810725593e+00
1.1701433994201251e+00
8.3642089899937988e-01
-3.0800208421631048e-01
-9.0109967459909390e-01
-9.0372244828103254e-01
-1.8857902792072621e+00
-8.1752594948827984e-01
1.6319138371104704e+00
5.5720109464010181e-01
1.4065384709683439e+00
-6.5796017647047911e-01
-2.9498714915197521e-01
-3.5644150737822999e-01
1.2910214320903675e+00
2.2513127825161391e-02
-1.4831939049487903e+00
4.5846617798765787e-01
7.9182389147719234e-01
8.7202754687733419e-01
-8.8671045138426485e-01
1.3034799763958911e+00
-1.0043143295127295e+00
-1.2113328090942431e-01
4.0849736391668673e-01
-1.0730568280236179e+00
-6.0819194434520538e-02
8.7497225769803788e-01
-9.3528126456277205e-01
-1.0929242121088587e+00
