Нормальное с масштабом 1.0000 и 1.1 со сдвигом 0.0000
0 600
1.5177075935998201e+00
3.7568567002047937e-01
-7.9568384800618608e-01
8.7058442774832379e-01
-1.4255482735465830e+00
-5.3790251619916984e-01
2.0067899077293277e-01
-1.4597487079478695e+00
-1.1888444493265531e+00
-7.4231526454647601e-01
4.0793075312587623e-01
1.8938961115221090e-01
3.1875293416195669e+00
3.2299689758521127e-01
-1.0979528037078885e+00
-9.6588301594448589e-01
2.1495467744716218e-01
-1.0273441565802537e+00
4.3760406619779542e-02
4.4109323801157296e-01
2.5477541458640829e-01
-4.6350047594825933e-01
-5.3174683077935581e-01
2.0528719759652744e-01
-9.6640651169349856e-01
4.8567144793502115e-01
1.4707446434294080e-01
-4.0103079383045298e-01
7.8743426862594756e-01
-1.3400056214909835e+00
6.7984066018016409e-01
1.3058618607858472e+00
-3.7605291401541935e-01
-1.7523002500967666e+00
1.3665342860573471e+00
-2.1323340489362957e-01
-4.6574353351631912e-03
2.1815049929837671e-01
1.3298599422576820e+00
-3.9079869895401282e-03
-1.3998222469370794e-01
5.5368267119241266e-01
6.2405052645923664e-01
-3.1969486590918328e-01
-5.6309210049252389e-01
-2.3727973129389643e+00
2.7654501784259877e-01
7.6957544493937186e-02
-1.5892374179699134e-01
4.2534017905505322e-01
-8.5463880207625953e-01
7.4358201463288809e-01
5.7040114059612990e-01
2.9985362089503319e-02
6.3608994129611163e-01
-4.9737911477466040e-01
6.4812250753059220e-01
-7.4130122050328195e-01
4.0208068225854549e-01
1.3052070897014405e+00
-5.4900274009884964e-01
-2.0404653686623440e+00
2.9079414782108515e+00
1.5029756020188536e+00
1.2284589816108828e+00
-3.6382580821350691e-01
-1.1416151244435269e+00
8.4634656670232200e-01
4.4143030997685462e-01
-9.6073881255593685e-01
-8.6012163536284059e-01
-1.0547370833237768e+00
-2.9532161546045859e-02
-3.5887341266281680e-01
9.0687744518585622e-01
-1.4786401607153715e-01
1.2334237625547808e+00
-2.3714644173696509e+00
7.1914644968679742e-01
-1.2395368464140739e+00
9.7383269676685780e-01
7.0930916705938252e-01
8.4305110452723209e-01
1.2721335093550326e+00
5.4090019914004839e-01
-1.1638644751195799e+00
-1.1980926698405474e+00
4.5223945767052398e-01
1.7291924561821463e+00
8.1209050615693135e-01
-1.6052926466081480e-01
-1.1416088155948063e+00
-1.7974886963353898e+00
2.4677522218917884e+00
-1.4539088780011931e+00
1.2553674306055815e+00
-9.9475665926047019e-01
-2.8396284231541213e-01
-1.1064738442640640e-01
-8.2642676374295376e-01
-7.1320002371552160e-01
1.2219895352839889e+00
3.6499654349319982e-02
5.9635464821530912e-02
-5.9220742720264885e-01
-1.6670221360082571e-01
1.2213298877157650e+00
-1.3573907026737524e+00
5.1045341913427911e-01
7.8557142672910740e-01
-9.4605077118337144e-01
3.3578110045278520e-01
-1.6908051329503773e+00
9.7359110820066055e-02
-6.2370998265165534e-01
-7.7255374130793286e-01
1.0499461665825137e-01
4.0803164005922671e-01
-3.4884540066389480e-01
-6.9995699117576582e-01
-8.1945857905565167e-01
8.0676598784547204e-01
4.1709695947750802e-01
-3.1701453933787355e-01
-3.2021409275589219e-01
-2.6563134043533726e-01
-7.6178532585799619e-01
7.8758822876053769e-01
5.3386077696527168e-01
1.4488439032496288e+00
-2.0462043156080405e+00
-1.2892144279410582e+00
4.5313948115285901e-01
8.0448838332253192e-01
-1.6761932706618177e+00
-9.9384942526485276e-01
-2.9865125838386702e-01
-7.2648481118754915e-01
-1.0714617045087975e+00
5.7510909924083933e-02
-7.6481142280010905e-01
-1.8085262832576612e-01
-2.5026069632058923e-01
-9.2287657572375681e-01
-1.2518366984924820e+00
2.9564015863251064e-01
-1.7696502022106646e+00
6.9672446067343397e-01
-3.3504452589044736e-01
3.1150224542995131e-01
1.3571152960052282e+00
-2.1938489491492676e+00
3.2735847237942518e-02
1.2900815584660468e+00
-2.8828984947335673e-01
9.8178901751454217e-01
7.9727374757023650e-01
5.3612151501956662e-01
-8.0680589245540912e-01
-3.4895284905722086e-02
-5.5270991119319046e-01
-4.9703332943238848e-01
-1.5866135562804053e+00
5.3201720002880495e-02
-5.6415175494505851e-02
-8.9269874857008524e-01
-8.0050427015275316e-01
-5.0723916604892028e-01
-1.0710783961463068e+00
2.6474172137214713e-01
1.5928079288132622e+00
-2.4743004102073876e-01
-4.1283417563502056e-01
-1.0942456228166784e+00
8.7088969795425175e-01
1.8672252287125632e+00
-6.0797332165175644e-01
2.2778096160265999e+00
-1.5686168424167612e+00
2.4512920057811075e-01
-2.3810013102960242e-01
-8.0144729965475026e-01
-1.1706351304355465e+00
4.8241839126854530e-01
-1.0631701869341417e+00
-6.8974260627000317e-01
1.0043865302834225e+00
-5.0194580215354478e-01
-9.5999361823727059e-01
1.8027159414410334e+00
-8.9171816253474548e-02
-3.1588847006179221e-01
7.2742949182331396e-01
5.7364875699436146e-01
-1.5253796860198290e+00
-7.6798965677980624e-01
9.0140589155153841e-02
-7.2600080795520849e-01
1.2151402378887179e+00
3.4068688803610958e-01
-7.2200467333803342e-01
-2.2076165475216989e+00
9.6956788844514175e-01
1.7938944138633606e+00
-1.2979001373506907e+00
7.7535185826339192e-01
-9.5074038034036773e-02
-1.1736893838567584e+00
-1.3904458213535922e+00
-6.8832918756464900e-01
1.5946527065900201e-01
1.9662545803378728e+00
3.6583775379751193e-01
-5.3973688828457500e-01
8.8345611171981897e-01
1.9629523321711282e+00
4.9444737089278418e-01
-2.7693772606130451e-01
1.1890201518251866e+00
5.0217270056354429e-02
-6.3504399453452409e-01
-1.1067752210840793e+00
-5.9450001975038558e-01
7.2661698074364933e-01
5.0609276825678307e-01
-5.1051459374782704e-01
2.1733658552692281e-01
-2.0922110240274555e-01
-4.3045566448293843e-01
2.3794249782821758e-01
-8.6142369284560516e-01
6.6797086418611329e-01
-7.4666595210005515e-01
-2.5341454313139140e+00
3.7004159655581868e-02
-2.8986547455729250e-01
3.4069851446468091e-01
2.8870648738090258e-02
-1.6997772827692472e+00
-1.3939677524620766e+00
-6.3552975398262559e-02
-4.4537830639001164e-01
-1.1345565666461246e+00
2.3388141437372862e+00
-5.6670331684517106e-01
-8.4873497426551459e-01
2.0639831035656941e+00
-6.3614864978923236e-01
1.3608185211220956e+00
1.5129819668778237e+00
-2.2071047630512379e+00
5.0768837373625397e-01
-8.0869165048544925e-02
-9.5350299997911836e-01
4.0814524019057880e-01
1.5130692833112924e+00
-3.4433287433696519e-01
-1.0037909112057590e+00
1.0451055234654296e+00
-1.3671045648909634e+00
-9.2482611501154466e-01
-4.2891068236368673e-01
1.4151031471812687e+00
-4.4831630549154916e-01
1.7182194239135136e+00
-2.2667607058108069e-01
-2.8290927814779798e-01
-4.7297773589257902e-01
2.1412254394615690e-01
-8.3154978511133693e-01
2.7237530330086951e-01
5.0795041448939882e-01
3.1243991374703806e-01
-5.6222842176131238e-01
-2.4132472118076556e-01
-7.6290775824632984e-01
-4.1203726668795293e-01
5.5434895632263981e-01
-7.7786045238213408e-01
-1.2773818923248896e+00
7.7450649178897679e-01
-3.6571380050389257e-01
-3.6828980042629092e-02
6.0364975214880878e-01
2.0463406684833635e-01
-5.7129000952730469e-01
-1.1428983512787932e-01
-1.8255767048361864e+00
1.1429001585304481e+00
4.8785176437180411e-01
-2.8943478029457109e-01
2.6390788779227531e-01
1.8816379225158082e+00
-1.4381804668865589e-01
-1.6896833361240604e+00
-1.8302232971850857e-01
4.3261228849721739e-01
-1.7525472928592021e+00
-6.6285365043673605e-02
2.8682452621490184e-01
1.6694783529445829e+00
4.1325423699195102e-01
-8.7525223290369902e-01
9.5764287053561292e-01
-1.5681031008696689e+00
-5.9169276773365742e-01
2.2074688985022606e-01
-1.6057235787035882e+00
-1.3077288942649630e+00
-8.1654679128964658e-01
4.4872382867977517e-01
2.0832857226743207e-01
3.5062822757930769e+00
3.5529658711265322e-01
-1.2077480840785866e+00
-1.0624713175392282e+00
2.3645014519187854e-01
-1.1300785719230355e+00
4.8136447281785330e-02
4.8520256172984194e-01
2.8025295604504907e-01
-5.0985052344898707e-01
-5.8492151376890622e-01
2.2581591735618028e-01
-1.0630471628631346e+00
5.3423859262982920e-01
1.6178191077723494e-01
-4.4113387316189862e-01
8.6617769560541524e-01
-1.4740061838432885e+00
7.4782472618541884e-01
1.4364480468686931e+00
-4.1365820538610215e-01
-1.9275302751064447e+00
1.5031877146630459e+00
-2.3455674538299248e-01
-5.1231788686795319e-03
2.3996554922821448e-01
1.4628459365604334e+00
-4.2987856884941170e-03
-1.5398044716307871e-01
6.0905093823485790e-01
6.8645557907054189e-01
-3.5166435225315579e-01
-6.1940131047063263e-01
-2.6100770442330492e+00
3.0419951962685887e-01
8.4653299042904070e-02
-1.7481611597669039e-01
4.6787419706936079e-01
-9.4010268230428118e-01
8.1794021637823899e-01
6.2744125458913813e-01
3.2983898298463432e-02
6.9969893539702810e-01
-5.4711702615369484e-01
7.1293475826021979e-01
-8.1543134284737906e-01
4.4228875043189736e-01
1.4357277986754586e+00
-6.0390301402924595e-01
-2.2445119049444622e+00
3.1987356260408104e+00
1.6532731621980170e+00
1.3513048796406015e+00
-4.0020838901284544e-01
-1.2557766367338563e+00
9.3098122339857958e-01
4.8557334089143983e-01
-1.0568126938119060e+00
-9.4613379891640437e-01
-1.1602107916224680e+00
-3.2485377700659922e-02
-3.9476075391028781e-01
9.9756518970800212e-01
-1.6265041767869096e-01
1.3567661386085232e+00
-2.6086108591068400e+00
7.9106109465032926e-01
-1.3634905307230811e+00
1.0712159664437431e+00
7.8024008375875054e-01
9.2735621500855947e-01
1.3993468602905397e+00
5.9499021897015747e-01
-1.2802509227357115e+00
-1.3179019368215001e+00
4.9746340334834427e-01
1.9021117018003610e+00
8.9329955683794604e-01
-1.7658219112689630e-01
-1.2557696970010035e+00
-1.9772375655066055e+00
2.7145274440684122e+00
-1.5992997657618910e+00
1.3809041738896255e+00
-1.0942323251865840e+00
-3.1235912654695330e-01
-1.2171212286904692e-01
-9.0906944016242841e-01
-7.8452002608109939e-01
1.3441884887399027e+00
4.0149619784269251e-02
6.5599011264304757e-02
-6.5142816986999641e-01
-1.8337243496090833e-01
1.3434628764192911e+00
-1.4931297729411086e+00
5.6149876095160856e-01
8.6412856952382555e-01
-1.0406558483024380e+00
3.6935921032253616e-01
-1.8598856462454116e+00
1.0709502190207261e-01
-6.8608098088202618e-01
-8.4980911559974648e-01
1.1549407832407638e-01
4.4883480430555650e-01
-3.8372994071717592e-01
-7.6995269028514413e-01
-9.0140443701541850e-01
8.8744258670449416e-01
4.5880665559108225e-01
-3.4871599301138900e-01
-3.5223550178707097e-01
-2.9219447447887104e-01
-8.3796385864403611e-01
8.6634705175306381e-01
5.8724685457439796e-01
1.5937282935354085e+00
-2.2508247467746592e+00
-1.4181358707354088e+00
4.9845342917846441e-01
8.8493722173348366e-01
-1.8438125977279927e+00
-1.0932343677914083e+00
-3.2851638422225365e-01
-7.9913329230204599e-01
-1.1786078749540445e+00
6.3262000885102226e-02
-8.4129256526868157e-01
-1.9893789115834276e-01
-2.7528676595264812e-01
-1.0151642332980562e+00
-1.3770203683447897e+00
3.2520417449576144e-01
-1.9466152224317312e+00
7.6639690673194771e-01
-3.6854897830102040e-01
3.4265246968404556e-01
1.4928268256057329e+00
-2.4132338440642447e+00
3.6009431961749369e-02
1.4190897143129440e+00
-3.1711883442069239e-01
1.0799679192661289e+00
8.7700112242063943e-01
5.8973366643521064e-01
-8.8748648177535283e-01
-3.8384813396309614e-02
-6.0798090223514611e-01
-5.4673666227716222e-01
-1.7452749119708459e+00
5.8521892003211305e-02
-6.2056693016324084e-02
-9.8196862343303448e-01
-8.8055469725458246e-01
-5.5796308255695282e-01
-1.1781862357550397e+00
2.9121589350936194e-01
1.7520887217795582e+00
-2.7217304512281271e-01
-4.5411759339780294e-01
-1.2036701850981579e+00
9.5797866776201279e-01
2.0539477516785856e+00
-6.6877065377347900e-01
2.5055905780304442e+00
-1.7254785266812422e+00
2.6964212063592174e-01
-2.6191014413256269e-01
-8.8159202970486450e-01
-1.2876986435340130e+00
5.3066023029695819e-01
-1.1694872056131460e+00
-7.5871686688668116e-01
1.1048251833118037e+00
-5.5214038227104878e-01
-1.0559929800613854e+00
1.9829875352391615e+00
-9.8088997643203002e-02
-3.4747731680198368e-01
8.0017244100149199e-01
6.3101363262923271e-01
-1.6779176546105175e+00
-8.4478862263464150e-01
9.9154647826493650e-02
-7.9860088874641644e-01
1.3366542616409318e+00
3.7475557668300102e-01
-7.9420514066705139e-01
-2.4283782013494597e+00
1.0665246772899009e+00
1.9732838546870628e+00
-1.4276901510869895e+00
8.5288704424159600e-01
-1.0458144183744048e-01
-1.2910583222827716e+00
-1.5294904034887571e+00
-7.5716210631046699e-01
1.7541179772490229e-01
2.1628800383717306e+00
4.0242152915388313e-01
-5.9371057702853458e-01
9.7180172289996358e-01
2.1592475653883376e+00
5.4389210788339659e-01
-3.0463149866743489e-01
1.3079221670132632e+00
5.5238997062028068e-02
-6.9854839395879353e-01
-1.2174527431924758e+00
-6.5395002167391969e-01
7.9927867881377090e-01
5.5670204498535891e-01
-5.6156605302652685e-01
2.3907024407961489e-01
-2.3014321264302018e-01
-4.7350123114892217e-01
2.6173674761103932e-01
-9.4756606214676820e-01
7.3476795058850064e-01
-8.2133254757681906e-01
-2.7875599728735119e+00
4.0704575621157972e-02
-3.1885202201302187e-01
3.7476836575447248e-01
3.1757713611907962e-02
-1.8697550110461705e+00
-1.5333645277080401e+00
-6.9908272881571851e-02
-4.8991613694351804e-01
-1.2480122233085884e+00
2.5726955572207428e+00
-6.2337364846077592e-01
-9.3360847171634809e-01
2.2703814153894744e+00
-6.9976351473948850e-01
1.4969003732342809e+00
1.6642801635479809e+00
-2.4278152383718190e+00
5.5845721101311896e-01
-8.8956081386741520e-02
-1.0488532999775528e+00
4.4895976444902769e-01
1.6643762116248388e+00
-3.7876616175975825e-01
-1.1041700023263750e+00
1.1496160757319533e+00
-1.5038150213800221e+00
-1.0173087265144791e+00
-4.7180175068711955e-01
1.5566134618739431e+00
-4.9314793595354084e-01
1.8900413663048656e+00
-2.4934367763918872e-01
-3.1120020596257780e-01
-5.2027550938494915e-01
2.3553479834077265e-01
-9.1470476366185005e-01
2.9961283363095637e-01
5.5874545584163771e-01
3.4368390483782452e-01
-6.1845126386577043e-01
-2.6545719329884215e-01
-8.3919853426681024e-01
-4.5324099356259717e-01
6.0978385187849771e-01
-8.5564649776435053e-01
-1.4051200815573919e+00
8.5195714112246068e-01
-4.0228518053098716e-01
-4.0511878046909811e-02
6.6401472731770672e-01
2.2509747353316978e-01
-6.2841901041398751e-01
-1.2571881864066736e-01
-2.0081343761312005e+00
1.2571901740134672e+00
5.3663694071020174e-01
-3.1837825832402838e-01
2.9029867657150293e-01
2.0698017148074372e+00
-1.5819985135752146e-01
-1.8586516697364641e+00
-2.0132456269035934e-01
4.7587351726976485e-01
-1.9278020221451224e+00
-7.2913901477761514e-02
3.1550697883639217e-01
