Нормальное с масштабом 1.0000 и 1.1 со сдвигом 0.0000
0 800
2.0344877700110739e-01
6.6262828731586523e-02
5.2169892946110052e-01
2.9842054455200084e-01
-1.6884242322126351e-02
2.5241707634567445e-01
-7.6916743369236129e-01
1.5743629116038875e+00
-2.8064250068537733e-01
1.0482432124790672e-02
-1.0546890056278428e+00
7.3835404922637415e-01
-6.6997706147236313e-01
-2.0451387038065372e+00
3.9900838950252832e-01
-3.7298870765994779e-01
-1.1358177854376343e+00
1.6670464748070928e+00
-1.1107198657807158e+00
-7.5455474359400510e-01
1.0374687730200343e+00
8.4404238630502371e-01
-5.2341231546731404e-01
-1.3703566460907682e-01
-5.1460914266152935e-01
4.8340946863883416e-01
1.0729419500873258e+00
-1.2721180470198128e+00
4.2941836295067665e-01
2.1239116803720862e-01
-3.0307124692952767e+00
-1.2793209705815805e+00
3.9087752844595275e-01
7.5972491053655378e-01
7.1189794906178884e-03
-5.8436184356134024e-01
2.5343699497728206e-01
-1.9176135025562660e-01
-1.4489856756278721e+00
-5.9252317481421846e-01
-1.8519399645304389e+00
-9.7717674957261705e-02
1.5014165747213730e+00
-2.6600429779415982e+00
4.5262477965940401e-01
-2.0644958826519355e+00
-2.1379382941387459e+00
2.2327688157496572e+00
-3.5680134682041947e-01
-8.8530539767952132e-01
1.9081110331749864e+00
7.5866361116299608e-01
-3.7339580546009048e-02
1.2305837634561656e+00
-2.9567627079257586e-01
1.7586089347483016e+00
3.4412094375753954e-01
-8.9551306469406211e-01
1.8518937353705023e+00
2.7274407632990244e-01
1.5523256104639510e-01
1.5518201205187148e+00
-4.4003483256849907e-01
1.2232299678696712e+00
-1.6928748129305891e+00
-9.6117564085905760e-01
-5.9093565289330019e-01
-2.5473332589678338e-01
-2.4869221279465430e+00
-9.4440278062917896e-02
1.2449516678108334e+00
-5.6615045173205170e-01
1.3112256631388666e+00
-1.5336923153803326e+00
4.0547568752370122e-01
-1.7594374800564838e+00
4.7895027958151026e-01
-1.8964354528940014e-01
-1.1097093285756079e+00
-1.0344547043568044e+00
-9.2764985381071063e-01
-2.4250539380139009e-02
-3.5707741505847396e-01
-6.7690645696099427e-01
-9.3628768098943171e-01
-1.5406314889317212e+00
-4.9725002855610889e-01
-3.5612217644949973e-01
1.9917547201010430e+00
-9.0993388893524207e-01
-4.5951569992158914e-01
-1.7447879006773076e-01
-2.9981513014605721e-01
-6.7311841674618222e-01
1.3570911347730072e+00
1.0637562240258431e+00
2.0840581337029621e-01
-6.2640488513565751e-01
5.8156981993548651e-01
1.2254850125940269e+00
-1.2501340717862017e+00
1.2846715578665338e-01
1.6651007330763812e-01
1.2122182236438916e-01
1.7365718824196824e-01
9.5635712229808756e-01
3.4828761666792546e-01
-3.9042946064259859e-01
-1.0322410420139079e+00
8.6679686280217855e-02
1.0633828572263724e+00
3.5794994516592132e-01
1.0295463798391395e+00
-2.1854606509412464e-01
-5.7072722210049065e-01
7.1949571840166857e-02
1.1432790283307959e+00
2.8241136271600858e-01
-8.4765957727541208e-01
7.9501386011075648e-01
9.0497991803446654e-01
1.4073705190361556e+00
1.3964000704841506e+00
5.1409245248811719e-01
5.9490631482604264e-02
2.2476169182044328e+00
9.9178065215746902e-02
1.5303076456298879e+00
-5.3925767423158788e-01
1.8551406874766299e-01
8.3039098617647089e-01
-5.6713550403769075e-01
-1.5221759577740981e-01
1.9865545162407434e+00
1.3352378681613444e+00
8.6795483088971348e-01
-8.5935150059831622e-01
-1.1394613749267124e+00
-1.1492621640461069e+00
3.3126319682105110e-02
7.0285467048093531e-01
-6.2194442216904351e-02
-6.5681755567216005e-01
-2.1633244691462048e+00
1.7764742110356215e+00
-1.1721908089140343e+00
9.0930746475990964e-01
-8.0422942449722845e-01
-3.1908417392227845e-01
-5.4521062081023708e-01
1.0125069031176093e+00
-1.4764844384714326e+00
1.3821983372671393e-01
-4.5079433417064529e-01
6.8951941845415532e-01
2.0010287747563091e+00
-3.4748944716309110e-01
1.3477729575964674e+00
-1.3312949888318530e+00
2.9725409627190552e-01
-9.7293147206249975e-01
1.2346116290573610e+00
1.7338666399902789e+00
-6.1683493659264670e-02
3.2466222030163633e-01
1.1250210275363139e-01
-6.9182101393609274e-01
1.8826737386896886e+00
-9.3687509020749932e-02
7.0003810977696901e-01
1.1465016219754329e+00
1.6285195973954918e+00
1.3002424703823801e+00
1.1957823197565374e+00
-2.2794579589686118e-01
6.2029390060946765e-01
-6.6736932697645008e-05
6.7003861484039851e-01
-8.9385271519925158e-01
-3.0041483080123210e-04
1.3551168953414330e+00
-1.0450438413681424e+00
1.0256058232832073e+00
2.8117692654565305e+00
-2.3276684130830638e-01
2.1012774970373469e+00
2.4310002226950594e-01
1.6862128198582320e+00
1.8368628095544101e-01
-1.0690292954695400e+00
5.7943717391161320e-01
1.1268615334323091e+00
-3.7879712594768067e-01
2.0072382075015951e+00
-4.4259775273688129e-02
-5.8927407284488620e-01
2.3751371825811726e-01
4.7055347084880600e-01
1.9702476097839552e-01
-1.2456636938789021e+00
9.1773367050149290e-01
6.8498148899044908e-01
-1.1366868143873468e+00
-5.6370928321772462e-01
1.0371519671475604e+00
-1.8651147518656838e-01
1.2379358550274511e+00
-6.6965449711679692e-01
3.6832395182845051e-01
9.1319164487520921e-02
-1.2681094698860276e+00
-5.6333106924685539e-01
-4.8993679796731532e-01
-1.0843658995539898e+00
2.1566187044146989e-01
2.9941132194248604e-01
6.6816587914446179e-01
-3.9522976050506825e-01
-4.7991059835490479e-01
-5.8128477463124339e-01
-6.0811604927787632e-01
-2.5286395676585960e-01
-6.8980703883359762e-01
4.5515733359417454e-01
-2.9957521530082626e-01
-1.2914329915775482e+00
4.0485329290236816e-01
5.2953990157939024e-01
-6.0508456170706870e-01
8.3061482542209553e-01
-4.9697399635255081e-02
9.3193007391523017e-02
-7.6958688621306170e-01
-5.7849000505833792e-01
9.9190465587373100e-01
-5.8781307292349115e-02
-6.7629086822027551e-01
1.3718796844613304e+00
2.5342236344279065e+00
-3.3017047699779206e-01
-6.4230302461196964e-01
-6.9742142410046171e-02
2.8469749228199698e-01
4.7660595592405619e-01
-8.7405920639618073e-01
1.4615308904660965e-01
2.4524693391057453e-01
-5.7116068576619461e-01
-2.4893304510534428e-01
4.7405367855922703e-01
-5.3930424956356071e-01
5.7666000341921242e-01
1.4958082724950523e+00
6.5663273863664084e-01
-2.0528652585459217e+00
-1.6373942378318551e+00
4.3336831959333355e-01
-1.3212584950583870e+00
1.4217709953236917e+00
8.3188586998180236e-01
1.1018241699754827e-01
-4.5487081543256619e-01
-1.0309530773025710e+00
2.9015193017806551e-03
-7.2533740929074753e-01
-2.5985619334318916e-01
5.7862045723811029e-01
1.0960244301310016e+00
3.0686713442187236e-01
4.0651616636507620e-01
8.9448609474452032e-02
2.8394356467614335e-01
7.2759553221800732e-01
4.0846561033130757e-01
1.2134665508921116e+00
5.9294588426366468e-01
-9.7444289004063722e-01
5.8007415227095482e-01
-8.1909493579440762e-01
1.2985459646438575e+00
-1.0793754615829554e+00
-4.6448051544927893e-01
-1.3702739773335775e+00
-7.8747430149449771e-01
-5.0716556889738562e-01
-2.4289447838567535e-01
-1.0903488939688091e+00
1.1963992092179616e-02
-4.3290824965993885e-01
-2.3794834310506999e-01
-6.7816469703516702e-01
7.9453582508702625e-01
2.6557697474233342e-02
5.9021930766671526e-01
-5.5774596677909372e-01
-1.8784422228128432e+00
-2.0946781219184309e+00
9.6841510766998051e-01
-4.1451204909927580e-01
3.8693060055248550e-02
5.4790344217047815e-01
-7.3065091504949065e-01
4.6891423010466543e-01
9.0085063147269817e-01
1.6601187126312120e-01
7.7404182372826058e-01
6.5660901107816236e-02
-1.2787429662470735e+00
-7.0240687849287242e-01
5.9845433441258655e-01
-7.3777427858249944e-01
-3.3927246716277820e-01
-2.3507798128226534e+00
6.4501559865055902e-01
-2.1210192348010746e+00
1.9219772107317419e+00
8.8635750552008630e-01
-7.4499377545967782e-01
-2.8191549215994832e-01
2.7917625383339178e-02
4.9087744515705051e-01
-1.3321752192297893e+00
1.7811809440256228e+00
5.8943720258972288e-01
-5.3321712005036437e-01
-2.1052223508430171e-01
-6.6025136350462699e-01
1.3243115191725294e-01
1.3414602946452463e+00
-5.5347339891228098e-01
1.2025897921484470e+00
8.3096188226262779e-01
3.2443781341423228e-01
-6.4855472794462621e-01
3.0948664011959622e-02
-8.9047615729536322e-01
-8.4056538780069284e-03
-2.6452177301313928e+00
3.9812387185363973e-01
6.5659226588448127e-01
8.7481005683056071e-02
-1.1030935126953421e+00
-3.4388346799792968e-01
-1.9472266166928207e-01
-4.2386793953379726e-01
1.9333153483224197e-01
4.2123426149882914e-01
3.3773831110652397e-01
6.5193092175127376e-01
-2.0370615003008097e+00
2.1766639476900742e-02
-1.5375403828523557e+00
9.4250284489944547e-01
-1.1380016461029372e+00
1.1744860491719933e+00
-7.8919115742728163e-01
-2.6006392467769313e-01
-1.6419893149417450e+00
4.8251565398238477e-01
-2.7160706390421041e-01
-5.2747459832699059e-02
4.8520777245785829e-01
-7.7750803380110001e-01
4.4812874904156375e-01
-1.4444593436143672e-02
8.8874670143831136e-01
-9.0917561240990385e-01
1.0127787237280552e+00
5.8772333166027546e-01
-4.7135919424194578e-01
5.2364998207340685e-01
5.5700740744782151e-01
-1.0042370659522581e+00
-1.1060242028341010e+00
-3.3525881180460043e-01
-7.0827306919430644e-01
-9.3519821211544985e-01
-1.5353729264023368e+00
-1.6082324072464658e+00
2.8874117405635280e-01
-6.5520143988906365e-01
-8.7787700023945151e-03
-7.3522442391632736e-01
1.6673678819198012e-01
4.3661516202494832e-01
-1.9394469243257384e-01
-1.8023706060176934e+00
9.3074390897626191e-01
-8.8122971242241221e-01
1.8018712706117282e-01
-1.5795585179160103e+00
5.8738303745511733e-01
4.4658392370946742e-01
2.1566738518924794e-01
8.4386654751625845e-01
-8.7956882927846369e-02
7.2538463127660180e-01
2.5840781322559825e+00
-6.2107324308584400e-01
1.2221398232579511e-01
2.2379365470121834e-01
7.2889111534585410e-02
5.7386882231464931e-01
3.2826259900720084e-01
-1.8572666554340238e-02
2.7765878398024202e-01
-8.4608417723425766e-01
1.7317992027965792e+00
-3.0870675075391513e-01
1.1530675337269751e-02
-1.1601579061567864e+00
8.1218945445840229e-01
-7.3697476760400393e-01
-2.2496525737628024e+00
4.3890922840291979e-01
-4.1028757839741387e-01
-1.2493995639813797e+00
1.8337511222877847e+00
-1.2217918523587832e+00
-8.3001021818372545e-01
1.1412156501731401e+00
9.2844662496333319e-01
-5.7575354692213354e-01
-1.5073923106998438e-01
-5.6607005683273803e-01
5.3175041540418400e-01
1.1802361450913559e+00
-1.3993298517217960e+00
4.7236019945412444e-01
2.3363028484092963e-01
-3.3337837238521790e+00
-1.4072530676397619e+00
4.2996528124763145e-01
8.3569740179870533e-01
7.8308774396797301e-03
-6.4279802785966189e-01
2.7878069447501025e-01
-2.1093748528118941e-01
-1.5938842431514617e+00
-6.5177549224291809e-01
-2.0371339612046033e+00
-1.0748944245298778e-01
1.6515582321700013e+00
-2.9260472757387173e+00
4.9788725753591911e-01
-2.2709454723384099e+00
-2.3517321235603492e+00
2.4560456973064073e+00
-3.9248148148491674e-01
-9.7383593745514141e-01
2.0989221364995045e+00
8.3452997249214189e-01
-4.1073538600628567e-02
1.3536421396435099e+00
-3.2524389787183339e-01
1.9344698282231343e+00
3.7853303812248784e-01
-9.8506437116884793e-01
2.0370831091292172e+00
3.0001848396289249e-01
1.7075581715103449e-01
1.7070021325753153e+00
-4.8403831574313511e-01
1.3455529645751232e+00
-1.8621622942236458e+00
-1.0572932049453301e+00
-6.5002921812892533e-01
-2.8020665848646170e-01
-2.7356143406620665e+00
-1.0388430586920967e-01
1.3694468342607191e+00
-6.2276549683600135e-01
1.4423482294616987e+00
-1.6870615469114678e+00
4.4602325622065470e-01
-1.9353812280621325e+00
5.2684530744164815e-01
-2.0860789981834024e-01
-1.2206802614331642e+00
-1.1379001746048170e+00
-1.0204148391933694e+00
-2.6675593318158022e-02
-3.9278515654661073e-01
-7.4459710264353263e-01
-1.0299164490894854e+00
-1.6946946378219614e+00
-5.4697503131327552e-01
-3.9173439407731042e-01
2.1909301921111539e+00
-1.0009272778319414e+00
-5.0546726982118395e-01
-1.9192666907450379e-01
-3.2979664316066298e-01
-7.4043025840615295e-01
1.4928002482502893e+00
1.1701318464148920e+00
2.2924639470732580e-01
-6.8904537361581286e-01
6.3972680186946496e-01
1.3480335137529449e+00
-1.3751474789648221e+00
1.4131387136531873e-01
1.8316108063840203e-01
1.3334400460082801e-01
1.9102290706616512e-01
1.0519928345283551e+00
3.8311637832189438e-01
-4.2947240666431996e-01
-1.1354651459938665e+00
9.5347654694182812e-02
1.1697211429349221e+00
3.9374493966427271e-01
1.1325010175535455e+00
-2.4040067160353717e-01
-6.2779994424413965e-01
7.9144528920855911e-02
1.2576069307001876e+00
3.1065249898760938e-01
-9.3242553502800751e-01
8.7451524622023868e-01
9.9547790984173257e-01
1.5481075709192875e+00
1.5360400775322818e+00
5.6550169764183067e-01
6.5439694592059366e-02
2.4723786100244372e+00
1.0909587173732144e-01
1.6833384101841604e+00
-5.9318344157000347e-01
2.0406547562242922e-01
9.1343008483475119e-01
-6.2384905437281624e-01
-1.6743935535515081e-01
2.1852099678648282e+00
1.4687616551081080e+00
9.5475031399222821e-01
-9.4528665067583884e-01
-1.2534075124007642e+00
-1.2641883808031820e+00
3.6438951650328733e-02
7.7314013752136590e-01
-6.8413886388371259e-02
-7.2249931121932687e-01
-2.3796569160617218e+00
1.9541216321391810e+00
-1.2894098898524466e+00
1.0002382112391515e+00
-8.8465236702614214e-01
-3.5099259106455888e-01
-5.9973168280966538e-01
1.1137575934293940e+00
-1.6241328822836956e+00
1.5204181709938530e-01
-4.9587376749921824e-01
7.5847136028919793e-01
2.2011316522319420e+00
-3.8223839186697867e-01
1.4825502537542092e+00
-1.4644244878039872e+00
3.2697950589909591e-01
-1.0702246192689582e+00
1.3580727917402746e+00
1.9072533039893089e+00
-6.7851842977238730e-02
3.5712844210848949e-01
1.2375231302899463e-01
-7.6100311531984255e-01
2.0709411125962101e+00
-1.0305625964658001e-01
7.7004192074648270e-01
1.2611517846076772e+00
1.7913715575687361e+00
1.4302667174224286e+00
1.3153605517312352e+00
-2.5074037548654726e-01
6.8232329063381991e-01
-7.3410625971999079e-05
7.3704247630886177e-01
-9.8323798672488139e-01
-3.3045631484864929e-04
1.4906285848755596e+00
-1.1495482254245173e+00
1.1281664052555955e+00
3.0929461901285875e+00
-2.5604352543913711e-01
2.3114052468650721e+00
2.6741002449645684e-01
1.8548341018440500e+00
2.0205490905098530e-01
-1.1759322250089825e+00
6.3738089124185970e-01
1.2395476867755402e+00
-4.1667683850944748e-01
2.2079620282517562e+00
-4.8685752801085322e-02
-6.4820148007463685e-01
2.6126509008392884e-01
5.1760881783739598e-01
2.1672723707623501e-01
-1.3702300628285884e+00
1.0095070375539981e+00
7.5347963787804750e-01
-1.2503554958260785e+00
-6.2008021146873282e-01
1.1408671637097001e+00
-2.0516262270522523e-01
1.3617294402377063e+00
-7.3661994681278120e-01
4.0515634698617453e-01
1.0045108068156577e-01
-1.3949204168746308e+00
-6.1966417610054436e-01
-5.3893047766523849e-01
-1.1928024895084004e+00
2.3722805748561709e-01
3.2935245413673470e-01
7.3498246704274595e-01
-4.3475273650895552e-01
-5.2790165809224676e-01
-6.3941325203461796e-01
-6.6892765416229327e-01
-2.7815035244244551e-01
-7.5878774270664984e-01
5.0067306686294288e-01
-3.2953273683090889e-01
-1.4205762907356849e+00
4.4533862213772174e-01
5.8249389164795407e-01
-6.6559301783263847e-01
9.1367630800469291e-01
-5.4667139598817652e-02
1.0251230785896605e-01
-8.4654557500555261e-01
-6.3633900550265932e-01
1.0910951214611824e+00
-6.4659437985527965e-02
-7.4391995502856989e-01
1.5090676529074099e+00
2.7876459962920204e+00
-3.6318752449882502e-01
-7.0653332704727378e-01
-7.6716356561306195e-02
3.1316724151019681e-01
5.2426655141883172e-01
-9.6146512704693698e-01
1.6076839795127046e-01
2.6977162730163218e-01
-6.2827675427668572e-01
-2.7382634961587871e-01
5.2145904631802287e-01
-5.9323467443519728e-01
6.3432600369846659e-01
1.6453890997182381e+00
7.2229601248018727e-01
-2.2581517841541543e+00
-1.8011336622475380e+00
4.7670515147495551e-01
-1.4533843445947883e+00
1.5639480948265729e+00
9.1507445701900358e-01
1.2120065869730329e-01
-5.0035789688530830e-01
-1.1340483847894329e+00
3.1916712319588580e-03
-7.9787115021543364e-01
-2.8584181267750791e-01
6.3648250290049135e-01
1.2056268731439681e+00
3.3755384786405968e-01
4.4716778294527665e-01
9.8393470183842896e-02
3.1233792114375764e-01
8.0035508543567246e-01
4.4931217160097553e-01
1.3348132059505982e+00
6.5224047263757046e-01
-1.0718871790448945e+00
6.3808156743753697e-01
-9.0100442942855941e-01
1.4284005611096138e+00
-1.1873130077392178e+00
-5.1092856689976374e-01
-1.5073013750668867e+00
-8.6622173176071593e-01
-5.5788212569024864e-01
-2.6718392622424297e-01
-1.1993837833653120e+00
1.3160391301397947e-02
-4.7619907454854749e-01
-2.6174317741557679e-01
-7.4598116672547043e-01
8.7398940769522604e-01
2.9213467221663250e-02
6.4924123837923720e-01
-6.1352056338261396e-01
-2.0662864451428566e+00
-2.3041459343069843e+00
1.0652566184372385e+00
-4.5596325419497974e-01
4.2562366060793666e-02
6.0269378630741921e-01
-8.0371600690731371e-01
5.1580565301929060e-01
9.9093569462441022e-01
1.8261305838943315e-01
8.5144600625718625e-01
7.2226991151592368e-02
-1.4066172628718008e+00
-7.7264756633441545e-01
6.5829976780475175e-01
-8.1155170675327870e-01
-3.7319971371705646e-01
-2.5858577907646030e+00
7.0951715849088914e-01
-2.3331211583103206e+00
2.1141749318075083e+00
9.7499325607949305e-01
-8.1949315328062766e-01
-3.1010704137594330e-01
3.0709387921681149e-02
5.3996518957395490e-01
-1.4653927412498384e+00
1.9592990373224821e+00
6.4838092279405868e-01
-5.8653883196769652e-01
-2.3157445859273185e-01
-7.2627649983627884e-01
1.4567426710897821e-01
1.4756063243412365e+00
-6.0882073872659048e-01
1.3228487713552954e+00
9.1405807052890164e-01
3.5688159453130719e-01
-7.1341020071583361e-01
3.4043530413166531e-02
-9.7952377303131932e-01
-9.2462192658075912e-03
-2.9097395031451700e+00
4.3793625898990240e-01
7.2225149245279729e-01
9.6229106030445447e-02
-1.2134028639648480e+00
-3.7827181478702615e-01
-2.1419492783621022e-01
-4.6625473360544972e-01
2.1266468831546620e-01
4.6335768778468878e-01
3.7151214204931887e-01
7.1712401390449443e-01
-2.2407676495969220e+00
2.3943303424594220e-02
-1.6912944211328438e+00
1.0367531293902423e+00
-1.2518018107117770e+00
1.2919346541263248e+00
-8.6811027328237500e-01
-2.8607031714546255e-01
-1.8061882472020876e+00
5.3076721928217208e-01
-2.9876777029463142e-01
-5.8022205816011058e-02
5.3372854960497751e-01
-8.5525883732629804e-01
4.9294162385866042e-01
-1.5889052779758703e-02
9.7762137158895801e-01
-1.0000931736541612e+00
1.1140565961008841e+00
6.4649566477059772e-01
-5.1849511356964195e-01
5.7601498018892794e-01
6.1270814811777330e-01
-1.1046607725475228e+00
-1.2166266231174971e+00
-3.6878469280744841e-01
-7.7910037610700023e-01
-1.0287180333281583e+00
-1.6889102190365974e+00
-1.7690556481473010e+00
3.1761529146198803e-01
-7.2072158385731855e-01
-9.6566470026338645e-03
-8.0874686663455253e-01
1.8341046701117819e-01
4.8027667814748526e-01
-2.1333916167583136e-01
-1.9826076662667400e+00
1.0238182998752872e+00
-9.6935268367344940e-01
1.9820583976729000e-01
-1.7375143697507567e+00
6.4612134114471087e-01
4.9124231599422269e-01
2.3723412370817273e-01
9.2825320229583119e-01
-9.6752570995607398e-02
7.9792309439987885e-01
2.8424859454815796e+00
-6.8318056735824917e-01
1.3443538055837459e-01

