Нормальное с масштабом 1.0000 со сдвигом 0.0000
0 1000
-7.5288408693036679e-01
-2.3679808223388235e-01
-8.9642795510293105e-01
-1.8501575063465991e-01
1.3378637744800248e+00
1.3044454244458017e+00
1.0905690153250747e+00
8.8683768348724623e-01
4.1720064297575538e-01
7.7022049204845922e-01
3.4041991465824817e-01
1.8066863800418889e+00
8.9986236256620455e-03
-2.1677979013389431e-01
-9.3847403358310921e-01
1.0573951845243844e-01
4.4249412405455102e-01
6.8195285228347868e-01
6.7208950843057125e-01
7.7249361330808486e-01
-1.2819457371603875e+00
-5.8328287885679697e-01
-5.1511399997130414e-01
-4.9676758623169137e-01
-1.5120812380766230e-01
4.8114996003332244e-01
-1.0017198451251199e+00
1.0764297741182993e+00
1.2034495708993373e-01
-1.4181302819293806e+00
-6.7215518572866306e-01
-5.3425135876053620e-01
1.6514187968697691e+00
3.1889386559121768e-02
-1.3311748682167641e+00
-1.0651481969333179e+00
5.2995230029665630e-01
-6.3846636035044879e-01
-7.0912390834541672e-01
-1.5976597224434870e+00
3.0468621944640978e-01
-7.9931290471568661e-01
-1.1120917484697290e+00
3.4037583415095879e-01
-1.5341615026738238e+00
-1.8786851406706440e+00
-1.9272672498839102e-01
-1.4143167627313361e-01
-5.6989030531020612e-01
5.5714639164886681e-01
6.6585330003350918e-01
7.7391978013103735e-01
-6.6065412387842237e-01
-6.1414189543309816e-01
-1.8832061100733697e+00
2.8426195516502861e-01
6.9483269971589129e-02
-1.0746868605395639e+00
-5.8352121188145645e-01
-4.9341067755784385e-01
9.6154237995128711e-01
1.0742413201612830e+00
4.1719186180564427e-01
1.0159769484790833e+00
-8.4120461544161240e-01
2.0231239960018614e+00
-1.8208879998828195e-01
2.8213357407577560e+00
-4.0609578524652817e-01
6.9482549637085822e-01
2.3266566896718732e-01
-1.8779490298901025e-01
-4.6211791844963568e-01
7.2332691807055771e-01
-7.2494359061263452e-03
3.5119291397355368e-01
-5.8350174563452664e-02
9.9746092958316734e-01
7.8950769101197651e-03
-8.6561645011472355e-01
4.6788334230864280e-02
-7.7314229624291642e-01
1.4093475202826597e+00
2.5367881896103850e-01
3.6759740637226934e-01
-3.0440632988153822e+00
8.9544850107467801e-03
-1.6716435800824823e+00
2.6112460488725420e+00
1.7949945131725276e-01
-8.0769950234946220e-01
6.2703199641008800e-01
6.0734538714332520e-01
1.9227471062314015e-02
6.8162503422419896e-01
9.0487259644049778e-01
-2.5648804910006091e+00
-1.0676909175057545e+00
2.1247326952467800e+00
1.8995152839777754e-01
1.9331246747233710e+00
-7.9579188722449024e-01
2.9941009875130958e-01
1.8327186519719943e-01
1.0848649681870131e+00
-7.4774835711143428e-01
-2.9667747575384618e-01
2.7642834708365110e-01
2.7105629550971810e-01
-5.6765925651104998e-01
1.0126585773824706e-01
3.8029613734027318e-01
3.8894069042928159e-01
-5.5857976060633829e-01
-5.1930070767363734e-01
9.8409132829870560e-01
-8.2295328094654130e-01
1.6111127308118520e-01
-1.8380855991764153e+00
-4.3600244277377342e-01
-1.8080183511309011e-01
-1.6392258968103421e+00
-9.3183968734691858e-01
-2.1154369554170001e+00
4.4831109519797885e-01
2.0224601450441274e-01
1.0621184383507087e+00
-1.3436660209012106e+00
1.2077485397166126e+00
-7.6927599085445186e-01
1.8481799453254630e-01
-7.0342953482305834e-02
-8.2657332669888395e-01
-9.7982723913864622e-01
7.4330448789002479e-01
-1.1446940333447415e-01
-2.4302818133751551e+00
-2.0387005314465787e+00
-1.2347222101079816e+00
8.7614124798144032e-03
-5.3691908013921574e-01
5.5591449936380863e-02
-1.2259679933200285e+00
1.0471312171641449e+00
9.1167666473362596e-01
3.1830422063861991e-01
2.4925810766861081e-01
4.2409603667365242e-01
-3.0320469537628431e-01
1.7905606428703564e+00
7.5900942861490373e-01
-1.1470002726630819e+00
2.4526903800762059e-01
6.7653333724536613e-01
-1.1604092843011062e+00
-1.1864991862032419e+00
1.5621160766240365e+00
-1.1840033532903744e+00
1.9301004574687466e+00
6.6709995456777793e-01
-1.7465659527983921e+00
-6.6619911291318709e-02
1.0837318903155493e+00
-1.7739140844436663e-01
7.6229404105955390e-01
1.3021382635705347e+00
-5.9076067830087864e-01
3.4316250439283330e-01
7.8335377254704852e-01
1.3513024263352467e+00
8.5604656051639527e-01
-1.4294461567278739e-02
-8.3773986020768382e-02
3.3528474342338271e-01
-2.2702710566419415e+00
-1.0350650611214228e-02
6.0781276085469382e-01
2.1397676613562396e-02
-4.8727402134097686e-01
-2.4574840379842203e-01
-2.0517431813197703e-01
-1.3749960374891246e+00
1.8669431583694726e-01
-4.9633965687596165e-01
4.4569184568450931e-01
5.8048248463859053e-01
-3.8621626190402680e-01
2.5436281369185132e-01
1.9992845962193235e+00
-4.6553863619314351e-01
1.9305896595256440e+00
-3.4737344737875986e-01
1.5408222116380084e+00
-7.1152833336229449e-01
1.2879316620975643e+00
-4.2771100022845449e-01
3.9026437707019973e-01
-1.1353171930243724e+00
-6.1781652847440038e-01
2.0076169917335099e-01
-2.3759946587367151e-01
-1.7525010545780102e-02
-1.9729027100266297e-01
2.7766962512277749e-01
2.6157161308510946e-01
-1.4675770910300581e+00
-4.6174487349789561e-01
-2.9808712661013903e-01
-8.2329005161020397e-01
9.4291675022726618e-01
3.6223026822602727e-01
2.4777065823543898e-01
2.0840391310632911e+00
2.1324082163792273e+00
-3.6048130484569502e-01
-6.4273007267195104e-01
8.6495195396079638e-01
-5.1934706476104953e-01
6.6979837064139613e-01
-1.7389342490014634e+00
-5.8162203735744145e-01
4.2938311650061395e-01
-7.9184106562017054e-01
2.1401997083126312e-01
-1.4691433519147992e+00
1.2356630447809143e+00
6.0794393652036560e-01
2.2095330812750014e+00
-8.0056863871233430e-01
3.5048764001773556e+00
7.2528423828057498e-01
-4.5008142348944358e-01
-7.9291946312648609e-01
1.4412025953188803e-01
-9.7816319882816272e-01
1.6916537782472221e-01
1.1054665867179569e+00
-4.7222532872518647e-01
1.5905442394532616e+00
4.1139211216152244e-01
-1.6848022724778353e+00
2.9597576356155963e-01
-1.3056047185530024e+00
-3.1592482123158944e-01
-1.3010064203520602e+00
1.3929667188225985e+00
-7.9521432066805509e-01
-5.0850118053543203e-01
1.2275823076510521e+00
-1.7718766941610661e-01
1.9173106907656981e-01
6.4849257823614381e-01
-2.5976279969549937e-01
-4.7213485286797585e-01
-3.0109986595230037e-01
-9.6737159689414254e-01
1.8801298134586319e+00
-1.9006263702413602e+00
2.4518780123879171e+00
2.1885527815146064e-02
1.3420315184167926e+00
-4.8114122045242791e-01
-3.0264042382245249e-01
4.5474210562209960e-01
2.7885744996616224e-02
-2.9332496783378093e-01
-1.6592619412911958e+00
-2.3058815732861476e-01
4.0233497697274256e-01
-1.2117446988302780e+00
-9.0509088161995960e-02
7.3486302836384437e-02
1.3437902844747827e+00
-1.8795029234668212e+00
-3.3080265163365719e-01
-7.5867523812165272e-01
2.3145286162417240e+00
6.0618912361881350e-01
-8.6177159786310042e-01
5.3931859686980332e-01
-6.6162421393768059e-04
-5.6800969455909900e-01
4.8254536269024206e-01
5.3606310382610389e-01
-1.8667583582267424e+00
6.0661507900364009e-02
9.1939487273921405e-01
1.9701364577198233e+00
8.1206018065593721e-01
-1.1515715877525299e+00
-1.2183635122115355e+00
1.8668951840948558e+00
-1.6339937401054869e+00
-2.8575994491168792e+00
7.8974601856066848e-02
3.3962478601780194e-01
-3.3490640515028486e-01
3.2477160045459275e-01
-8.2416175542688086e-01
-2.0704275353244031e-01
6.8742462796971326e-01
2.1557040805378502e+00
-1.2559435352518730e-02
1.4229022627819732e+00
-2.0630969216873356e+00
-2.0706958345311532e+00
-5.5884601149881052e-01
-2.8812473082838652e-01
2.0012597961991874e-01
-1.2619282203738547e+00
1.0106559982154253e+00
-2.0580652024579177e-01
-2.0325525809930065e+00
1.2002953540686874e+00
1.3731674098409994e+00
-1.4045748783821401e+00
-1.6544913364986072e-01
-4.2600261976875409e-01
1.1305071093484400e+00
1.4420052105213493e-01
3.6809192362785492e-01
4.0607597326687178e-01
2.2160043177699432e-01
-7.0406387724091068e-01
2.5839620799870948e-02
-2.0344043586975866e-02
3.4270977931519303e-01
-1.2355773642085559e+00
-6.7854242456257219e-01
1.1885234850231614e+00
-1.1238746768108714e+00
-9.5691474947551425e-02
-8.7618969061969165e-01
6.5246943038725946e-01
7.7821468984262487e-01
-1.4123011649862949e+00
-8.4429690371456256e-01
-1.3298168762158344e+00
6.5070286129871224e-01
1.4331783564721055e+00
-2.2274180642161132e-01
2.1660950262188514e+00
9.1847738961473913e-01
2.7632226904520141e-01
3.6425753566485403e-01
1.3558427443073338e+00
9.9356651138945751e-01
-4.2448423105077415e-01
-8.1671887476570870e-01
-3.4262607292035446e-01
4.6742856949716688e-01
7.1832735997025865e-01
-2.3419105960017894e-02
-1.0706726365363783e+00
-1.2533086021180493e+00
-4.2379058960412830e-01
-1.4147835647550890e+00
1.9671363836841155e-01
-1.0241379977532070e+00
1.4670475735215582e+00
1.3254220705856867e+00
-8.3095581070177837e-01
5.5048100136361348e-02
-5.8472441748488913e-01
1.0447695404223396e+00
-3.6004446715738675e-01
-8.6356422350138728e-01
-7.4754148158652634e-01
-4.2493805257225375e-01
-3.2465702553003961e-01
-3.4141963607353532e-01
-1.7049487987307406e+00
1.3517067511034173e-01
6.9406256356835094e-01
-2.3380007124808352e-01
-6.7980456688562274e-01
-3.2494636993994003e-01
3.8936039616679635e-01
-4.0713377581122207e-01
-1.1222297912282095e+00
-5.8198722212132892e-01
-1.8111582200149839e-01
5.8749313641334988e-01
5.4483629196812683e-02
1.1386622522107528e+00
6.7433107341834242e-01
5.1700861826512923e-01
-2.5697251380573738e-01
5.9334762195766699e-01
-8.9576111038870976e-01
1.0840931309004079e-01
-1.8455637532876663e+00
-3.1124478309223019e-01
5.2367898392727208e-01
-1.7375869868349331e-01
-2.9273885425572715e-01
-3.9551421193660896e-01
-9.3920227315365512e-01
-4.0275607866567936e-01
1.1322143935162851e-01
2.0189372711718964e-01
7.6087564506670313e-01
-7.1261423975661886e-01
3.9851762741423569e-01
-1.1095654409625356e-01
-1.2521947117438643e+00
4.3549187473188067e-01
-3.4921307649097205e-01
-1.0002853043887026e-01
-9.4861195436717372e-01
-4.2487663000207988e-02
-1.5366532157421967e-01
-4.7857131434573419e-01
6.8070524035886948e-01
5.1374399298809847e-01
-8.5169452770910170e-01
9.1200064337384246e-01
-1.0034476647380457e+00
6.5338372553905821e-01
-6.7272033280504406e-01
-1.5745676395764069e-01
-1.7710256819258294e+00
-1.6215487729328815e+00
-6.8502905233983491e-01
1.3300817435974726e+00
-1.5739116205186150e+00
-3.0596619357993415e-01
-1.0398388282949194e+00
2.0088132829715866e+00
2.8712185713710586e-01
1.3590016952387887e+00
-5.0893930723593772e-01
4.5299680063523073e-01
-1.1497842068489106e-01
-6.7948930073771752e-01
-9.6955923386265064e-01
-1.6686137629912077e+00
-3.9264600677509592e-01
9.7034782367781802e-01
-2.8707054666378207e-01
9.6238838419732214e-02
1.5055198729354560e+00
1.2978782416167802e+00
4.9770965935230238e-01
1.4466183976406506e+00
-1.0749895676429728e+00
6.4870723703769251e-01
-1.1970266734012354e+00
-6.8374712818773320e-01
2.2536651782029198e+00
6.1635292888339221e-01
9.8243754649587078e-01
-1.0718678253397579e-01
8.4679236554830783e-02
-2.7557158156662425e+00
-3.5761180710347873e-01
2.1137375177796983e-01
-9.0474561101325168e-01
5.3426569547727520e-01
-6.3939766050136149e-01
6.2542154933108984e-01
2.6827292435346206e-01
1.1844208955842712e+00
2.9359156042074486e-01
8.6108987412040636e-02
7.2941399579805755e-01
9.7608891652117558e-01
-2.6799939756223351e-01
-4.8588872142544809e-01
5.4211718343156634e-01
-1.9189540739731941e+00
6.8422589456040062e-01
1.2772001279983536e-01
7.8420621714730976e-01
-2.1298054515093399e-02
6.8338341689069848e-01
-1.7015585636366874e+00
7.6596288606662366e-01
1.0321245203611609e+00
4.2292376567933465e-01
7.5476363993722084e-01
4.5210797435764971e-01
4.9680605090544622e-01
-1.1431839443748595e+00
3.1775305792641255e-02
-9.0505752978531540e-01
2.4497673255374336e-01
-6.8728191036372122e-01
1.5141037243507760e+00
-3.4597227190272051e-01
7.5407818598431076e-01
-9.6720620787691203e-01
2.4710228006504895e+00
3.4280493599338463e-01
5.2290809504299107e-01
-3.0881906042103158e-01
6.9126268640039013e-01
1.2396357205788151e+00
2.6972139946199353e-01
-2.3617028732090657e+00
-4.5288408714832290e-01
6.3201917766117569e-02
-5.9642795510763225e-01
1.1498424953076376e-01
1.6378637746304179e+00
1.6044454244486297e+00
1.3905690153250749e+00
1.1868376834927630e+00
7.1720064318474230e-01
1.0702204922031548e+00
6.4041991465786696e-01
2.1066863800411935e+00
3.0899862362566211e-01
8.3220209866105566e-02
-6.3847403358401622e-01
4.0573951845241696e-01
7.4249412405421522e-01
9.8195285228347784e-01
9.7208950843057029e-01
1.0724936134556564e+00
-9.8194573715455769e-01
-2.8328287885679027e-01
-2.1511399997126276e-01
-1.9676758623163235e-01
1.4879187626281692e-01
7.8114996003310577e-01
-7.0171984512515917e-01
1.3764297741182998e+00
4.2034495708992548e-01
-1.1181302819293806e+00
-3.7215518572866296e-01
-2.3425135876050923e-01
1.9514187968697687e+00
3.3188938655907607e-01
-1.0311748682963726e+00
-7.6514819693331815e-01
8.2995230029656153e-01
-3.3846636035044786e-01
-4.0912390834541684e-01
-1.2976597225373432e+00
6.0468621944615697e-01
-4.9931290462463829e-01
-8.1209174846972887e-01
6.4037583415057775e-01
-1.2341615026774255e+00
-1.5786851402304567e+00
1.0727327520803420e-01
1.5856832378004335e-01
-2.6989030531019531e-01
8.5714639164881512e-01
9.6585330003350733e-01
1.0739197802742702e+00
-3.6065412387842177e-01
-3.1414189543309579e-01
-1.5832061095055090e+00
5.8426195516485768e-01
3.6948326997159942e-01
-7.7468686053956382e-01
-2.8352121188144930e-01
-1.9341067755778091e-01
1.2615423799516152e+00
1.3742413197169989e+00
7.1719186201468466e-01
1.3159769484767003e+00
-5.4120461546900500e-01
2.3231239959977250e+00
1.1791120016638221e-01
3.1213357407577664e+00
-1.0609578507952332e-01
9.9482549637085782e-01
5.3266566896715983e-01
1.1220509718713542e-01
-1.6211791844953313e-01
1.0233269180705578e+00
2.9275056409387806e-01
6.5119291397314527e-01
2.4164982543811983e-01
1.2974609295830566e+00
3.0789507691011991e-01
-5.6561645012793660e-01
3.4678833423082261e-01
-4.7314229638850230e-01
1.7093475202803634e+00
5.5367881896096827e-01
6.6759740637183507e-01
-2.7440633049259886e+00
3.0895448501074663e-01
-1.3716435800824822e+00
2.9112460488719325e+00
4.7949945131725252e-01
-5.0769950241582884e-01
9.2703199641008138e-01
9.0734538714331259e-01
3.1922747106231270e-01
9.8162503422419811e-01
1.2048725964439064e+00
-2.2648804923344379e+00
-7.6769091750575524e-01
2.4247326931422140e+00
4.8995152839777695e-01
2.2331246747244169e+00
-4.9579188710111871e-01
5.9941009875107798e-01
4.8327186519719934e-01
1.3848649681870127e+00
-4.4774835735134028e-01
3.3225242472191357e-03
5.7642834708350932e-01
5.7105629550959536e-01
-2.6765925651103872e-01
4.0126585773821999e-01
6.8029613733983174e-01
6.8894069042884210e-01
-2.5857976060632409e-01
-2.1930070767359927e-01
1.2840913282988018e+00
-5.2295328099160854e-01
4.6111127308118527e-01
-1.5380855995625518e+00
-1.3600244277363380e-01
1.1919816503701247e-01
-1.3392258967250148e+00
-6.3183968734811802e-01
-1.8154369554554639e+00
7.4831109519766081e-01
5.0224601450441020e-01
1.3621184381612881e+00
-1.0436660211564601e+00
1.5077485397169372e+00
-4.6927599101218426e-01
4.8481799453254620e-01
2.2965704652086066e-01
-5.2657332673983881e-01
-6.7982723913877552e-01
1.0433044881501679e+00
1.8553059668759481e-01
-2.1302818155332348e+00
-1.7387005312266037e+00
-9.3472221004772704e-01
3.0876141247981431e-01
-2.3691908013919027e-01
3.5559144993635455e-01
-9.2596799323149159e-01
1.3471312171063823e+00
1.2116766647363080e+00
6.1830422063831325e-01
5.4925810766855165e-01
7.2409603684380297e-01
-3.2046953762807622e-03
2.0905606428681969e+00
1.0590094288086438e+00
-8.4700027304373904e-01
5.4526903800757054e-01
9.7653333724536517e-01
-8.6040928442981202e-01
-8.8649918578059628e-01
1.8621160766408522e+00
-8.8400335282902032e-01
2.2301004574700700e+00
9.6709995456777709e-01
-1.4465659527982559e+00
2.3338008871125737e-01
1.3837318903155498e+00
1.2260859169413423e-01
1.0622940412411634e+00
1.6021382635724810e+00
-2.9076067830087304e-01
6.4316250439244449e-01
1.0833537726640186e+00
1.6513024268159837e+00
1.1560465605106423e+00
2.8570553843274238e-01
2.1622601398556809e-01
6.3528474342301666e-01
-1.9702710587872601e+00
2.8964934938879550e-01
9.0781276085468166e-01
3.2139767661356017e-01
-1.8727402134090715e-01
5.4251596201577892e-02
9.4825682123169747e-02
-1.0749960374891150e+00
4.8669431583694694e-01
-1.9633965687590216e-01
7.4569184568418323e-01
8.8048248463856238e-01
-8.6216261904026800e-02
5.5436281369177931e-01
2.2992845961886945e+00
-1.6553863619304560e-01
2.2305896595269163e+00
-4.7373447378759752e-02
1.8408222116432496e+00
-4.1152833336229450e-01
1.5879316620976558e+00
-1.2771100038080602e-01
6.9026437706976063e-01
-8.3531719302437235e-01
-3.1781652847439790e-01
5.0076169917334890e-01
6.2400534126328476e-02
2.8247498945425525e-01
1.0270972921400622e-01
5.7766962512263120e-01
5.6157161308501724e-01
-1.1675770906990441e+00
-1.6174487349779235e-01
1.9128733910042761e-03
-5.2329005165487419e-01
1.2429167499603990e+00
6.6223026822559916e-01
5.4777065823538329e-01
2.3840391314511016e+00
2.4324082154954798e+00
-6.0481304845695014e-02
-3.4273007267194999e-01
1.1649519539633473e+00
-2.1934706476101173e-01
9.6979837064139451e-01
-1.4389342490013939e+00
-2.8162203735743419e-01
7.2938311675741752e-01
-4.9184106545223827e-01
5.1401997083125484e-01
-1.1691433516303851e+00
1.5356630447807680e+00
9.0794393652035299e-01
2.5095330812750096e+00
-5.0056863863132661e-01
3.8048764003009317e+00
1.0252842382805749e+00
-1.5008142348932391e-01
-4.9291946297166628e-01
4.4412025953188761e-01
-6.7816319882830356e-01
4.6916537782472228e-01
1.4054665867179568e+00
-1.7222532872509771e-01
1.8905442395234602e+00
7.1139211240810052e-01
-1.3848022724778351e+00
5.9597576356134196e-01
-1.0056047185552222e+00
-1.5924821230487701e-02
-1.0010064203519264e+00
1.6929667188199495e+00
-4.9521432053874825e-01
-2.0850118053538474e-01
1.5275823076509645e+00
1.2281233072172335e-01
4.9173106907656899e-01
9.4849257823614108e-01
4.0237200304500717e-02
-1.7213485286788668e-01
-1.0998659522961282e-03
-6.6737159689438452e-01
2.1801298135008147e+00
-1.6006263689136764e+00
2.7518780119814186e+00
3.2188552781514368e-01
1.6420315186364220e+00
-1.8114122045235043e-01
-2.6404238224487248e-03
7.5474210562180122e-01
3.2788574499661055e-01
6.6750321671182984e-03
-1.3592619412911979e+00
6.9411842671385282e-02
7.0233497697231551e-01
-9.1174469866940910e-01
2.0949091184657956e-01
3.7348630299646185e-01
1.6437902847311292e+00
-1.5795029230050026e+00
-3.0802651633657131e-02
-4.5867523831665985e-01
2.6145286163164556e+00
9.0618912361880022e-01
-5.6177159787799547e-01
8.3931859686972587e-01
2.9933837577918887e-01
-2.6800969455908769e-01
7.8254536269002961e-01
8.3606310382602056e-01
-1.5667583580491200e+00
3.6066150790035012e-01
1.2193948727412174e+00
2.2701364574613963e+00
1.1120601807156136e+00
-8.5157158802014821e-01
-9.1836351208916867e-01
2.1668951841883648e+00
-1.3339937401689488e+00
-2.5575994480024220e+00
3.7897460210713685e-01
6.3962478601742279e-01
-3.4906405150284897e-02
6.2477160045426205e-01
-5.2416175547053878e-01
9.2957246467559596e-02
9.8742462796971309e-01
2.4557040805094634e+00
2.8744056464749657e-01
1.7229022627800890e+00
-1.7630969231223248e+00
-1.7706958354114841e+00
-2.5884601149879599e-01
1.1875269172302355e-02
5.0012597961991656e-01
-9.6192822035719538e-01
1.3106559982142436e+00
9.4193479754208179e-02
-1.7325525807243762e+00
1.5002953540699324e+00
1.6731674098383280e+00
-1.1045748783821401e+00
1.3455086645327119e-01
-1.2600261992943354e-01
1.4305071093484403e+00
4.4420052105213464e-01
6.6809192362741998e-01
7.0607597326645000e-01
5.2160043177698023e-01
-4.0406387724091081e-01
3.2583962079986628e-01
2.7965595641307700e-01
6.4270977931480522e-01
-9.3557736415056547e-01
-3.7854242456257220e-01
1.4885234850298890e+00
-8.2387467681087201e-01
2.0430852506314084e-01
-5.7618969062909886e-01
9.5246943038725695e-01
1.0782146899733858e+00
-1.1123011649862953e+00
-5.4429690373964146e-01
-1.0298168762851956e+00
9.5070286129870962e-01
1.7331783564705574e+00
7.7258193578388618e-02
2.4660950262159838e+00
1.2184773896168153e+00
5.7632226904505990e-01
6.6425753566442325e-01
1.6558427443050752e+00
1.2935665113894412e+00
-1.2448423121914379e-01
-5.1671887481866541e-01
-4.2626072920354439e-02
7.6742856949690808e-01
1.0183273599702589e+00
2.7658089404006053e-01
-7.7067263653637819e-01
-9.5330860212192825e-01
-1.2379058977610279e-01
-1.1147835647550897e+00
4.9671363836841037e-01
-7.2413799775321697e-01
1.7670475735209656e+00
1.6254220706287148e+00
-5.3095581073818054e-01
3.5504810013633387e-01
-2.8472441748488247e-01
1.3447695403752038e+00
-6.0044467157386684e-02
-5.6356422351547619e-01
-4.4754148182734821e-01
-1.2493805273829602e-01
-2.4657025530039609e-02
-4.1419636073535236e-02
-1.4049487987307365e+00
4.3517067511033974e-01
9.9406256356835088e-01
6.6199928751916590e-02
-3.7980456688562253e-01
-2.4946369939940191e-02
6.8936039616635669e-01
-1.0713377564919273e-01
-8.2222979122820994e-01
-2.8198722212132155e-01
1.1888417814970759e-01
8.8749313641332650e-01
3.5448362919678417e-01
1.4386622522107522e+00
9.7433107341834124e-01
8.1700861826500815e-01
4.3027486194262499e-02
8.9334762195764739e-01
-5.9576111039352408e-01
4.0840931309002226e-01
-1.5455637535009343e+00
-1.1244783090880289e-02
8.2367898392716565e-01
1.2624130144340576e-01
7.2611457451456198e-03
-9.5514211712167549e-02
-6.3920227315453415e-01
-1.0275607848188914e-01
4.1322143935161476e-01
5.0189372711718716e-01
1.0608756452534795e+00
-4.1261423975661882e-01
6.9851762741380363e-01
1.8904345592317212e-01
-9.5219471172271086e-01
7.3549187473152500e-01
-4.9213076490972181e-02
1.9997146957389550e-01
-6.4861195436775543e-01
2.5751233700030279e-01
1.4633467850122653e-01
-1.7857131434565354e-01
9.8070524035886864e-01
8.1374399298797007e-01
-5.5169452772930994e-01
1.2120006433764936e+00
-7.0344766473808085e-01
9.5338372553905582e-01
-3.7272033280504385e-01
1.4254323612599532e-01
-1.4710256819249385e+00
-1.3215487731042537e+00
-3.8502905233983487e-01
1.6300817436678612e+00
-1.2739116205495091e+00
-5.9661935782551424e-03
-7.3983882829492287e-01
2.3088132829573884e+00
5.8712185713692344e-01
1.6590016952364286e+00
-2.0893930723589077e-01
7.5299680063492691e-01
1.8502157933758329e-01
-3.7948930073771736e-01
-6.6955923386286820e-01
-1.3686137629912081e+00
-9.2646006532867239e-02
1.2703478236780332e+00
1.2929453336870060e-02
3.9623883841969815e-01
1.8055198729359312e+00
1.5978782416177002e+00
7.9770965935213300e-01
1.7466183976395226e+00
-7.7498956764297244e-01
9.4870723703768955e-01
-8.9702667311406248e-01
-3.8374712818773316e-01
2.5536651780765682e+00
9.1635292888338227e-01
1.2824375464959801e+00
1.9281321748289951e-01
3.8467923655477848e-01
-2.4557158188000874e+00
-5.7611807103478699e-02
5.1137375177796340e-01
-6.0474561101672597e-01
8.3426569547718887e-01
-3.3939766050136078e-01
9.2542154933108267e-01
5.6827292435334875e-01
1.4844208955954590e+00
5.9359156042053662e-01
3.8610898741199079e-01
1.0294139957980573e+00
1.2760889165213365e+00
3.2000602437766541e-02
-1.8588872142537660e-01
8.4211718343149333e-01
-1.6189540739762451e+00
9.8422589456040033e-01
4.2772001279983118e-01
1.0842062172621070e+00
2.7870194548496657e-01
9.8338341689069797e-01
-1.4015585636366861e+00
1.0659628862353685e+00
1.3321245203466872e+00
7.2292376585566598e-01
1.0547636401475216e+00
7.5210797435734356e-01
7.9680605090527457e-01
-8.4318394437485911e-01
3.3177530579259557e-01
-6.0505752978874949e-01
5.4497673255369394e-01
-3.8728191036372139e-01
1.8141037243517526e+00
-4.5972271902720518e-02
1.0540781861973800e+00
-6.6720620787715634e-01
2.7710227989951028e+00
6.4280493599299671e-01
8.2290809504288276e-01
-8.8190604195373095e-03
9.9126268640038950e-01
1.5396357205786289e+00
5.6972139946187550e-01
-2.0617028732097196e+00