Нормальное с масштабом 1.0000 со сдвигом 0.0000 и 0.3
0 200
3.7226463299369805e-01
1.2078248927562709e+00
-7.0243585271433195e-01
-8.8007050892652017e-01
-6.9199829520969991e-01
4.8647624939440176e-01
-5.3367935826715462e-01
-4.3455619767062631e-01
1.8342242977482842e-01
4.6345508912291578e-01
4.7735591012614620e-01
-8.9416005866140125e-01
-1.2595695021547827e-02
9.9081659033517011e-01
-1.2917338166317058e+00
8.1337073928933934e-01
-1.8469210033973038e-03
1.3044500576249637e-01
-5.6608508819436254e-01
1.5291048372498273e-01
-1.2748984526666320e+00
-3.5004028962174377e-01
-5.4852809405004344e-01
1.0492817823366876e+00
1.2477300624368575e+00
4.9020288673907003e-01
1.7356518691513534e+00
9.5126473842313486e-01
-2.0319915955940404e+00
-1.2692993929323004e+00
-6.6616698065058455e-01
2.9624259688781473e-02
6.9414417978615972e-01
1.6874737754120109e-01
6.3309113229795466e-01
4.8945579427238378e-01
-5.4070223528494754e-01
1.3475789384347510e+00
1.9502109668884493e-01
1.5702586222749828e+00
-6.1591106756099578e-01
-8.1285895653582529e-01
-4.2791570809968721e-01
-1.1952923739491268e+00
2.7268493384006103e-02
2.2417180479999868e+00
8.2137628524142448e-01
2.9912644524246629e-01
2.2588072406905935e-01
3.0056004761472094e-01
3.7320906858859748e-01
7.1391370245261476e-01
-9.2617597082057135e-01
6.8827595597758573e-01
-1.3717565160038495e-01
-2.4559031967090892e+00
1.6995984293115878e+00
-4.7539326238198515e-01
-1.8438279429666435e+00
-6.7267390143299034e-03
6.7809204403822632e-01
-9.0526968724866852e-01
-4.2716143426531344e-01
-2.0145703042077847e+00
2.0345072892141122e-01
6.3571306965689101e-01
9.3792107823802717e-01
2.6639311994010584e-01
3.0263532815550240e+00
2.0257361891934264e-01
8.3354935108948214e-01
1.1078044976627277e+00
3.9734044882722275e-01
1.6894075203583072e+00
-1.0874433021343748e+00
-6.8976211016706912e-01
-5.0765560018114375e-01
-9.2690408813871183e-01
-1.9634033545536629e+00
-2.0179835770803223e+00
-1.0312945876853850e+00
-5.1823180663228885e-01
4.6816403107242882e-01
-8.5402285863438532e-01
7.3231013039390691e-01
-6.9568868007975060e-01
6.0469350355494766e-01
-5.1978647932962574e-01
1.4100395130086003e+00
-2.2560716001427408e+00
4.2020562089482744e-01
4.7482821571653434e-02
-4.0138340351688961e-01
-5.3332779059775889e-02
-2.6966339615741886e-01
1.9336357510460649e+00
-4.8258824731530708e-01
3.4142687795499899e-01
1.4661804409035688e+00
9.6703048669353309e-01
6.7226463299325956e-01
1.5078248927565903e+00
-4.0243585271433197e-01
-5.8007050893479339e-01
-3.9199829520969987e-01
7.8647624939420080e-01
-2.3367935826712738e-01
-1.3455619767048446e-01
4.8342242977482847e-01
7.6345508912264481e-01
7.7735591012591809e-01
-5.9416005866649702e-01
2.8740430497846775e-01
1.2908165903351974e+00
-9.9173381662866400e-01
1.1133707393470884e+00
2.9815307899660315e-01
4.3044500576249312e-01
-2.6608508819435089e-01
4.5291048372498244e-01
-9.7489845265807440e-01
-5.0040289621743818e-02
-2.4852809405002424e-01
1.3492817822674656e+00
1.5477300624430346e+00
7.9020288673888006e-01
2.0356518690848429e+00
1.2512647384233866e+00
-1.7319915953207927e+00
-9.6929939292083711e-01
-3.6616698065058417e-01
3.2962425968873788e-01
9.9414417978615932e-01
4.6874737754120110e-01
9.3309113229794949e-01
7.8945579427219137e-01
-2.4070223528492452e-01
1.6475789387889210e+00
4.9502109668884359e-01
1.8702586223006465e+00
-3.1591106756099352e-01
-5.1285895659421576e-01
-1.2791570825106360e-01
-8.9529237364254077e-01
3.2726849338400066e-01
2.5417180479828891e+00
1.1213762850363147e+00
5.9912644524223602e-01
5.2588072406904063e-01
6.0056004761448467e-01
6.7320906858815843e-01
1.0139137024526146e+00
-6.2617597082208454e-01
9.8827595597758522e-01
1.6282434844638879e-01
-2.1559031966895152e+00
1.9995984288534099e+00
-1.7539326238190045e-01
-1.5438279432168496e+00
2.9327326098567397e-01
9.7809204403822547e-01
-6.0526968725207553e-01
-1.2716143442030708e-01
-1.7145703037902296e+00
5.0345072892140830e-01
9.3571306965688605e-01
1.2379210782389698e+00
5.6639311993999875e-01
3.3263532867481400e+00
5.0257361891933994e-01
1.1335493510036847e+00
1.4078044976627280e+00
6.9734044882678969e-01
1.9894075195999965e+00
-7.8744330213437463e-01
-3.8976211016706919e-01
-2.0765560018109580e-01
-6.2690408814018128e-01
-1.6634033545537483e+00
-1.7179835766895966e+00
-7.3129458768539124e-01
-2.1823180663225006e-01
7.6816403107217235e-01
-5.5402285865323986e-01
1.0323101307092057e+00
-3.9568868007975044e-01
9.0469350355493405e-01
-2.1978647932958814e-01
1.7100395130063220e+00
-1.9560715997148552e+00
7.2020562108614605e-01
3.4748282157161281e-01
-1.0138340332584897e-01
2.4666722094135798e-01
3.0336603842581262e-02
2.2336357510470686e+00
-1.8258824731523163e-01
6.4142687795461484e-01
1.7661804409029560e+00
1.2670304866937858e+00
