Нормальное с масштабом 1.0000 со сдвигом 0.0000
0 400
-5.5249680696012082e-01
7.2715238932828064e-01
6.0423352564147448e-01
3.0137981932484168e+00
4.1446798021738485e-01
2.3657704949018772e+00
1.5394556451140318e+00
-8.3428239143099892e-01
1.0152580251911496e+00
1.6819892370441374e+00
-9.5064741339024772e-01
-3.0452966423635253e-01
6.6548193863984884e-01
-7.2938918527398244e-01
2.9805291293663838e-01
2.0440216966093923e+00
-1.7259197077993167e+00
-3.7989677981735070e-01
1.2904924716430279e+00
-1.1972918576136522e+00
-3.8299386715052286e-01
1.0040740281183091e+00
-5.4011844857150426e-01
5.7439860388223352e-01
-1.8745443164035729e+00
4.8793591492998761e-01
-6.4774379526104131e-01
2.1914605556165223e-01
1.2975657640826914e+00
2.4337993004483480e-01
5.4513272706725822e-03
5.4757591929732474e-01
-1.5998003465695625e+00
-5.1455585425570038e-01
-4.5268265636492783e-01
1.2984752163826399e-01
-2.6306772835070008e-01
6.7047843327688073e-01
6.5189264917094325e-01
5.8323288699655496e-01
1.0654189748249696e+00
1.7406294358217704e+00
8.5403065639682987e-02
6.5975079408030690e-01
1.2746399570268983e+00
2.9058281490658553e+00
-8.3588558536160584e-01
-1.4457420856396628e+00
3.2864531088072593e-02
-1.0739822294874961e+00
-1.9949040761409723e-01
7.2866768336300858e-01
1.6117077101810795e+00
-1.1115745352965090e+00
-1.3313098516462296e+00
4.0767460448648868e-01
1.0299018073383568e+00
-6.0299989470280646e-01
-4.0049524451291807e-01
-8.3911412706339705e-01
-2.0271691470200630e+00
-1.2721684803123037e+00
4.3001021875077022e-01
2.0098428641956025e+00
6.2948935573002385e-01
1.1999427454687289e-01
1.9832862240178257e+00
-8.3033032050237632e-01
-4.2709294083754590e-01
1.1469739171256312e+00
-9.2827918441143221e-03
-2.5180795976713499e+00
-1.4659501309025100e+00
4.0466226152159612e-01
2.0158531543274303e+00
1.0076905218218188e+00
-1.2897467743838906e+00
2.3507186296170493e-01
-2.6790256777199595e-01
-1.5165914656617943e+00
-1.7382412826514447e-02
-1.8586134318662937e+00
-7.0539183719710785e-01
1.1920028363911861e-01
-7.1643601301813364e-01
-9.0483769846949613e-01
1.4143782876634974e+00
2.2580580543435729e+00
1.5499590857548280e+00
-2.4860902972896332e-01
1.2447961584069980e-01
9.2636585761108048e-01
4.9613094070846020e-01
6.3096281447458102e-01
-7.2786636064233401e-01
1.5091843923341610e+00
6.3507634787256628e-01
2.7361137907532182e-02
-8.6936336017006033e-01
4.7037457897203275e-02
-3.3159723464230878e-01
-7.4817249488259996e-01
-9.2894158007271965e-02
-1.7253166050421875e-03
2.1642949260202444e+00
-1.7859919161942857e+00
-1.0720403485549705e+00
9.4060990158060909e-01
-7.0859940257441945e-01
-1.8337648758059395e+00
-3.0267461351581697e-02
3.1377607918642647e-01
-6.9832966693371623e-01
4.2356086472479521e-01
-6.7850497600247583e-01
1.3476067470295336e+00
-8.0613918855443778e-01
5.4047022787052745e-01
7.2483882964878829e-02
5.1652721987177674e-01
2.4110424359116600e-01
4.1207413108614699e-01
-2.4122714080814761e-01
-1.5997570328969295e+00
-7.5512596041655122e-01
8.5174960963167956e-01
1.3206238115550790e+00
3.3724182847717082e-01
-1.2174969138799960e+00
-5.8572030517664864e-01
-6.9382763940151859e-01
1.3532523628963813e+00
1.3410262438356024e+00
2.5948874442433573e-01
-8.9797441390290333e-01
3.2606255334495925e-02
1.7671237846799207e-01
-4.1168208099758430e-01
-9.9965836304239186e-01
8.1929750933079873e-02
4.8301372945979282e-01
-3.0212271616818653e-01
1.1742062982789066e-01
-4.1024419386605421e-01
-6.7935408112007323e-01
-1.2163024199256105e+00
-6.4834982934843599e-01
-5.1466803316648613e-01
-3.5109068927052439e-01
1.6623314262870643e+00
2.0727729997824818e+00
1.7317316771329334e+00
-7.2384141309062872e-02
-5.7913497815580209e-02
-2.0885726372810880e+00
5.1433426173825358e-01
-8.0435457415076395e-01
-7.5421724680767872e-03
-4.4479946372123863e-01
-3.7105172635662348e-01
-2.1426966934636338e-01
6.0573035445520118e-01
-1.0191281370922209e+00
1.6879580952655310e-01
-4.4619157586086466e-01
9.4328009011451197e-01
-9.1958887300907477e-01
3.6343311481433854e-01
9.2092606060537252e-01
-1.2378357731011858e-01
-2.1810315282476203e+00
1.0637667267578583e+00
7.6038263526686001e-01
-2.8000189474210058e-01
-8.1918152231318608e-01
-8.2156586202700421e-01
-1.7143547992793271e+00
-7.4320540836755267e-01
1.4835580337659284e+00
5.0654644976100871e-01
1.2786713372439307e+00
-5.9814561501796293e-01
-2.6817013559270492e-01
-3.2403773418585030e-01
1.1736558473180823e+00
2.0466479841053351e-02
-1.3483580950281033e+00
4.1678743438136273e-01
7.1983990134749998e-01
7.9275231524880074e-01
-8.0610041028052237e-01
1.1849817967137386e+00
-9.1301302682718521e-01
-1.1012116446311299e-01
3.7136123994909703e-01
-9.7550620729403126e-01
-5.5290176758612933e-02
7.9542932509142805e-01
-8.5025569503595133e-01
-9.9356746555344277e-01
-2.5249680696010385e-01
1.0271523893282806e+00
9.0423352564146031e-01
3.3137981961205525e+00
7.1446798044347903e-01
2.6657704949013636e+00
1.8394556451188786e+00
-5.3428239146423617e-01
1.3152580251889741e+00
1.9819892370441401e+00
-6.5064741339077825e-01
-4.5296642363496569e-03
9.6548193863984744e-01
-4.2938918527398207e-01
5.9805291293641216e-01
2.3440216966088330e+00
-1.4259197077992947e+00
-7.9896779817350688e-02
1.5904924716432154e+00
-8.9729185732935313e-01
-8.2993867150523037e-02
1.3040740281178727e+00
-2.4011844857148079e-01
8.7439860388219981e-01
-1.5745443160645132e+00
7.8793591492979087e-01
-3.4774379526104054e-01
5.1914605556164028e-01
1.5975657640835581e+00
5.4337993004478846e-01
3.0545132727067276e-01
8.4757591929726017e-01
-1.2998003466718699e+00
-2.1455585425565848e-01
-1.5268265636481171e-01
4.2984752163826051e-01
3.6932271649299957e-02
9.7047843327687977e-01
9.5189264917094085e-01
8.8323288699652869e-01
1.3654189745840086e+00
2.0406294357717711e+00
3.8540306563963184e-01
9.5975079408030495e-01
1.5746399570268885e+00
3.2058281490722784e+00
-5.3588558539340314e-01
-1.1457420856396701e+00
3.3286453108802633e-01
-7.7398222948749618e-01
1.0050959261285575e-01
1.0286676833630082e+00
1.9117077103691424e+00
-8.1157453529650880e-01
-1.0313098517269250e+00
7.0767460448606945e-01
1.3299018073268105e+00
-3.0299989470280325e-01
-1.0049524431707534e-01
-5.3911412709245432e-01
-1.7271691467063690e+00
-9.7216848030242475e-01
7.3001021901308971e-01
2.3098428641825670e+00
9.2948935573001823e-01
4.1999427454686467e-01
2.2832862239152765e+00
-5.3033032053940055e-01
-1.2709294099287097e-01
1.4469739175070444e+00
2.9071720815589336e-01
-2.2180795976711982e+00
-1.1659501305161819e+00
7.0466226152117217e-01
2.3158531543195924e+00
1.3076905218210471e+00
-9.8974677438032377e-01
5.3507186296167353e-01
3.2097432228004201e-02
-1.2165914656628005e+00
2.8261758717352020e-01
-1.5586134318360829e+00
-4.0539183719710781e-01
4.1920028363910961e-01
-4.1643601301813393e-01
-6.0483769847295765e-01
1.7143782876613467e+00
2.5580580541077644e+00
1.8499590857635719e+00
5.1390970271036555e-02
4.2447961584069394e-01
1.2263658576126015e+00
7.9613094070828661e-01
9.3096281447457518e-01
-4.2786636064233385e-01
1.8091843923348250e+00
9.3507634787256166e-01
3.2736113790752697e-01
-5.6936336018179479e-01
3.4703745789716206e-01
-3.1597234642308729e-02
-4.4817249512063545e-01
2.0710584200223181e-01
2.9827468339495822e-01
2.4642949260156857e+00
-1.4859919161917481e+00
-7.7204034855497128e-01
1.2406099015814496e+00
-4.0859940257441951e-01
-1.5337648763121257e+00
2.6973253864858715e-01
6.1377607918613708e-01
-3.9832966693371596e-01
7.2356086489774651e-01
-3.7850497600247546e-01
1.6476067473845279e+00
-5.0613918862338547e-01
8.4047022787045145e-01
3.7248388296489787e-01
8.1652721987165433e-01
5.4110424359112419e-01
7.1207413132806840e-01
5.8772859191852309e-02
-1.2997570329990600e+00
-4.5512596062539940e-01
1.1517496096188000e+00
1.6206238115801139e+00
6.3724182847679878e-01
-9.1749691375311171e-01
-2.8572030517664188e-01
-3.9382763940151838e-01
1.6532523634580087e+00
1.6410262440363863e+00
5.5948874442424945e-01
-5.9797441390735029e-01
3.3260625533444982e-01
4.7671237846799186e-01
-1.1168208110105839e-01
-6.9965836304243567e-01
3.8192975093302317e-01
7.8301372945958159e-01
-2.1227161681826026e-03
4.1742062982788042e-01
-1.1024419397324933e-01
-3.7935408112007352e-01
-9.1630241979225313e-01
-3.4834982934843539e-01
-2.1466803316644448e-01
-5.1090689270524507e-02
1.9623314262870646e+00
2.3727730005994854e+00
2.0317316770499372e+00
2.2761585869446954e-01
2.4208650218594946e-01
-1.7885726375468176e+00
8.1433426173812606e-01
-5.0435457409585527e-01
2.9245782753192817e-01
-1.4479946372111135e-01
-7.1051726356623476e-02
8.5730330653636527e-02
9.0573035445518790e-01
-7.1912813709223489e-01
4.6879580952655309e-01
-1.4619157586073928e-01
1.2432800898983731e+00
-6.1958887301104471e-01
6.6343311481390899e-01
1.2209260606072609e+00
1.7621642272035437e-01
-1.8810315282477752e+00
1.3637667265440647e+00
1.0603826354554571e+00
1.9998105258349157e-02
-5.1918152236289905e-01
-5.2156586207373601e-01
-1.4143547992793211e+00
-4.4320540862815999e-01
1.7835580337657102e+00
8.0654644976086243e-01
1.5786713372439221e+00
-2.9814561501795867e-01
3.1829864407295121e-02
-2.4037734185850288e-02
1.4736558473549541e+00
3.2046647984105159e-01
-1.0483580954079144e+00
7.1678743459287220e-01
1.0198399013474995e+00
1.0927523153435375e+00
-5.0610041034953557e-01
1.4849817967241952e+00
-6.1301302682972880e-01
1.8987883555572277e-01
6.7136123994865904e-01
-6.7550620729419320e-01
2.4470982324267873e-01
1.0954293251804936e+00
-5.5025569505703786e-01
-6.9356746555350501e-01
