Нормальное с масштабом 1.0000 со сдвигом 0.0000
0 600
1.5177075935998201e+00
3.7568567002047937e-01
-7.9568384800618608e-01
8.7058442774832379e-01
-1.4255482735465830e+00
-5.3790251619916984e-01
2.0067899077293277e-01
-1.4597487079478695e+00
-1.1888444493265531e+00
-7.4231526454647601e-01
4.0793075312587623e-01
1.8938961115221090e-01
3.1875293416195669e+00
3.2299689758521127e-01
-1.0979528037078885e+00
-9.6588301594448589e-01
2.1495467744716218e-01
-1.0273441565802537e+00
4.3760406619779542e-02
4.4109323801157296e-01
2.5477541458640829e-01
-4.6350047594825933e-01
-5.3174683077935581e-01
2.0528719759652744e-01
-9.6640651169349856e-01
4.8567144793502115e-01
1.4707446434294080e-01
-4.0103079383045298e-01
7.8743426862594756e-01
-1.3400056214909835e+00
6.7984066018016409e-01
1.3058618607858472e+00
-3.7605291401541935e-01
-1.7523002500967666e+00
1.3665342860573471e+00
-2.1323340489362957e-01
-4.6574353351631912e-03
2.1815049929837671e-01
1.3298599422576820e+00
-3.9079869895401282e-03
-1.3998222469370794e-01
5.5368267119241266e-01
6.2405052645923664e-01
-3.1969486590918328e-01
-5.6309210049252389e-01
-2.3727973129389643e+00
2.7654501784259877e-01
7.6957544493937186e-02
-1.5892374179699134e-01
4.2534017905505322e-01
-8.5463880207625953e-01
7.4358201463288809e-01
5.7040114059612990e-01
2.9985362089503319e-02
6.3608994129611163e-01
-4.9737911477466040e-01
6.4812250753059220e-01
-7.4130122050328195e-01
4.0208068225854549e-01
1.3052070897014405e+00
-5.4900274009884964e-01
-2.0404653686623440e+00
2.9079414782108515e+00
1.5029756020188536e+00
1.2284589816108828e+00
-3.6382580821350691e-01
-1.1416151244435269e+00
8.4634656670232200e-01
4.4143030997685462e-01
-9.6073881255593685e-01
-8.6012163536284059e-01
-1.0547370833237768e+00
-2.9532161546045859e-02
-3.5887341266281680e-01
9.0687744518585622e-01
-1.4786401607153715e-01
1.2334237625547808e+00
-2.3714644173696509e+00
7.1914644968679742e-01
-1.2395368464140739e+00
9.7383269676685780e-01
7.0930916705938252e-01
8.4305110452723209e-01
1.2721335093550326e+00
5.4090019914004839e-01
-1.1638644751195799e+00
-1.1980926698405474e+00
4.5223945767052398e-01
1.7291924561821463e+00
8.1209050615693135e-01
-1.6052926466081480e-01
-1.1416088155948063e+00
-1.7974886963353898e+00
2.4677522218917884e+00
-1.4539088780011931e+00
1.2553674306055815e+00
-9.9475665926047019e-01
-2.8396284231541213e-01
-1.1064738442640640e-01
-8.2642676374295376e-01
-7.1320002371552160e-01
1.2219895352839889e+00
3.6499654349319982e-02
5.9635464821530912e-02
-5.9220742720264885e-01
-1.6670221360082571e-01
1.2213298877157650e+00
-1.3573907026737524e+00
5.1045341913427911e-01
7.8557142672910740e-01
-9.4605077118337144e-01
3.3578110045278520e-01
-1.6908051329503773e+00
9.7359110820066055e-02
-6.2370998265165534e-01
-7.7255374130793286e-01
1.0499461665825137e-01
4.0803164005922671e-01
-3.4884540066389480e-01
-6.9995699117576582e-01
-8.1945857905565167e-01
8.0676598784547204e-01
4.1709695947750802e-01
-3.1701453933787355e-01
-3.2021409275589219e-01
-2.6563134043533726e-01
-7.6178532585799619e-01
7.8758822876053769e-01
5.3386077696527168e-01
1.4488439032496288e+00
-2.0462043156080405e+00
-1.2892144279410582e+00
4.5313948115285901e-01
8.0448838332253192e-01
-1.6761932706618177e+00
-9.9384942526485276e-01
-2.9865125838386702e-01
-7.2648481118754915e-01
-1.0714617045087975e+00
5.7510909924083933e-02
-7.6481142280010905e-01
-1.8085262832576612e-01
-2.5026069632058923e-01
-9.2287657572375681e-01
-1.2518366984924820e+00
2.9564015863251064e-01
-1.7696502022106646e+00
6.9672446067343397e-01
-3.3504452589044736e-01
3.1150224542995131e-01
1.3571152960052282e+00
-2.1938489491492676e+00
3.2735847237942518e-02
1.2900815584660468e+00
-2.8828984947335673e-01
9.8178901751454217e-01
7.9727374757023650e-01
5.3612151501956662e-01
-8.0680589245540912e-01
-3.4895284905722086e-02
-5.5270991119319046e-01
-4.9703332943238848e-01
-1.5866135562804053e+00
5.3201720002880495e-02
-5.6415175494505851e-02
-8.9269874857008524e-01
-8.0050427015275316e-01
-5.0723916604892028e-01
-1.0710783961463068e+00
2.6474172137214713e-01
1.5928079288132622e+00
-2.4743004102073876e-01
-4.1283417563502056e-01
-1.0942456228166784e+00
8.7088969795425175e-01
1.8672252287125632e+00
-6.0797332165175644e-01
2.2778096160265999e+00
-1.5686168424167612e+00
2.4512920057811075e-01
-2.3810013102960242e-01
-8.0144729965475026e-01
-1.1706351304355465e+00
4.8241839126854530e-01
-1.0631701869341417e+00
-6.8974260627000317e-01
1.0043865302834225e+00
-5.0194580215354478e-01
-9.5999361823727059e-01
1.8027159414410334e+00
-8.9171816253474548e-02
-3.1588847006179221e-01
7.2742949182331396e-01
5.7364875699436146e-01
-1.5253796860198290e+00
-7.6798965677980624e-01
9.0140589155153841e-02
-7.2600080795520849e-01
1.2151402378887179e+00
3.4068688803610958e-01
-7.2200467333803342e-01
-2.2076165475216989e+00
9.6956788844514175e-01
1.7938944138633606e+00
-1.2979001373506907e+00
7.7535185826339192e-01
-9.5074038034036773e-02
-1.1736893838567584e+00
-1.3904458213535922e+00
-6.8832918756464900e-01
1.5946527065900201e-01
1.9662545803378728e+00
3.6583775379751193e-01
-5.3973688828457500e-01
8.8345611171981897e-01
1.9629523321711282e+00
4.9444737089278418e-01
-2.7693772606130451e-01
1.1890201518251866e+00
5.0217270056354429e-02
-6.3504399453452409e-01
-1.1067752210840793e+00
-5.9450001975038558e-01
7.2661698074364933e-01
5.0609276825678307e-01
-5.1051459374782704e-01
2.1733658552692281e-01
-2.0922110240274555e-01
-4.3045566448293843e-01
2.3794249782821758e-01
-8.6142369284560516e-01
6.6797086418611329e-01
-7.4666595210005515e-01
-2.5341454313139140e+00
3.7004159655581868e-02
-2.8986547455729250e-01
3.4069851446468091e-01
2.8870648738090258e-02
-1.6997772827692472e+00
-1.3939677524620766e+00
-6.3552975398262559e-02
-4.4537830639001164e-01
-1.1345565666461246e+00
2.3388141437372862e+00
-5.6670331684517106e-01
-8.4873497426551459e-01
2.0639831035656941e+00
-6.3614864978923236e-01
1.3608185211220956e+00
1.5129819668778237e+00
-2.2071047630512379e+00
5.0768837373625397e-01
-8.0869165048544925e-02
-9.5350299997911836e-01
4.0814524019057880e-01
1.5130692833112924e+00
-3.4433287433696519e-01
-1.0037909112057590e+00
1.0451055234654296e+00
-1.3671045648909634e+00
-9.2482611501154466e-01
-4.2891068236368673e-01
1.4151031471812687e+00
-4.4831630549154916e-01
1.7182194239135136e+00
-2.2667607058108069e-01
-2.8290927814779798e-01
-4.7297773589257902e-01
2.1412254394615690e-01
-8.3154978511133693e-01
2.7237530330086951e-01
5.0795041448939882e-01
3.1243991374703806e-01
-5.6222842176131238e-01
-2.4132472118076556e-01
-7.6290775824632984e-01
-4.1203726668795293e-01
5.5434895632263981e-01
-7.7786045238213408e-01
-1.2773818923248896e+00
7.7450649178897679e-01
-3.6571380050389257e-01
-3.6828980042629092e-02
6.0364975214880878e-01
2.0463406684833635e-01
-5.7129000952730469e-01
-1.1428983512787932e-01
-1.8255767048361864e+00
1.1429001585304481e+00
4.8785176437180411e-01
-2.8943478029457109e-01
2.6390788779227531e-01
1.8816379225158082e+00
-1.4381804668865589e-01
-1.6896833361240604e+00
-1.8302232971850857e-01
4.3261228849721739e-01
-1.7525472928592021e+00
-6.6285365043673605e-02
2.8682452621490184e-01
1.8177075936010814e+00
6.7568567002003910e-01
-4.9568384788171860e-01
1.1705844277531656e+00
-1.1255482735465852e+00
-2.3790251619914493e-01
5.0067899077293032e-01
-1.1597487072700123e+00
-8.8884444893788328e-01
-4.4231526481128336e-01
7.0793075339711731e-01
4.8938961115221052e-01
3.4875293416298465e+00
6.2299689758488697e-01
-7.9795280370788835e-01
-6.6588301594474586e-01
5.1495467744715340e-01
-7.2734415658026219e-01
3.4376040661973467e-01
7.4109323801123317e-01
5.5477541458633517e-01
-1.6350047594815875e-01
-2.3174683077932715e-01
5.0528719759652385e-01
-6.6640651169375253e-01
7.8567144793481780e-01
4.4707446434294051e-01
-1.0103079363751657e-01
1.0874342687328060e+00
-1.0400056216755633e+00
9.7984066018016325e-01
1.6058618607893687e+00
-7.6052914015419457e-02
-1.4523002500965514e+00
1.6665342860547883e+00
8.6766595106370525e-02
2.9534256466483877e-01
5.1815049929836532e-01
1.6298599423264881e+00
2.9609201301046117e-01
1.6001777535721584e-01
8.5368267119235652e-01
9.2405052645922892e-01
-1.9694865908254474e-02
-2.6309210049251075e-01
-2.0727973129391333e+00
5.7654501784245682e-01
3.7695754470927778e-01
1.4107625828999096e-01
7.2534017921882599e-01
-5.5463880209476879e-01
1.0435820148917332e+00
8.7040114059609275e-01
3.2998536208945939e-01
9.3608994129610656e-01
-1.9737911477460193e-01
9.4812250753058891e-01
-4.4130122077293132e-01
7.0208068225811782e-01
1.6052070897046249e+00
-2.4900274009883097e-01
-1.7404653684555353e+00
3.2079414782182476e+00
1.8029756020192178e+00
1.5284589816107907e+00
-6.3825808213506863e-02
-8.4161512444352693e-01
1.1463465666762920e+00
7.4143030997651593e-01
-6.6073881255626976e-01
-5.6012163537851223e-01
-7.5473708332377731e-01
2.7046783845411071e-01
-5.8873412662816822e-02
1.2068774451890387e+00
1.5213598399259423e-01
1.5334237625546530e+00
-2.0714644173698518e+00
1.0191464496867972e+00
-9.3953684636559220e-01
1.2738326967670386e+00
1.0093091670593823e+00
1.1430511044902509e+00
1.5721335093550250e+00
8.4090019913997360e-01
-8.6386447521428944e-01
-8.9809266956478029e-01
7.5223945767021805e-01
2.0291924560864976e+00
1.1120905062165618e+00
1.3947073542994687e-01
-8.4160881559480705e-01
-1.4974886963299623e+00
2.7677522205145149e+00
-1.1539088780012092e+00
1.5553674308082890e+00
-6.9475665926052788e-01
1.6037157685142286e-02
1.8935261559279942e-01
-5.2642676378406916e-01
-4.1320002371552150e-01
1.5219895352839392e+00
3.3649965434927243e-01
3.5963546482151448e-01
-2.9220742720264342e-01
1.3329778650565338e-01
1.5213298877157202e+00
-1.0573907026737095e+00
8.1045341913414282e-01
1.0855714268404921e+00
-6.4605077118402354e-01
6.3578110045241754e-01
-1.3908051329503757e+00
3.9735911082003345e-01
-3.2370998265165385e-01
-4.7255374145531959e-01
4.0499461665822906e-01
7.0803164032972388e-01
-4.8845400663894672e-02
-3.9995699117576572e-01
-5.1945857910501048e-01
1.1067659879134795e+00
7.1709695968712561e-01
-1.7014539336824026e-02
-2.0214092754985435e-02
3.4368659564662694e-02
-4.6178532604144595e-01
1.0875882288670287e+00
8.3386077696518468e-01
1.7488439032485659e+00
-1.7462043154410374e+00
-9.8921442793735015e-01
7.5313948115255580e-01
1.1044883833944061e+00
-1.3761932706618194e+00
-6.9384942526491344e-01
1.3487416173088504e-03
-4.2648481118754950e-01
-7.7146170450879803e-01
3.5751090992406226e-01
-4.6481142297281486e-01
1.1914737182451447e-01
4.9739303679410804e-02
-6.2287657572548549e-01
-9.5183669846797447e-01
5.9564015863229403e-01
-1.4696502022098583e+00
9.9672446067343390e-01
-3.5044525890447410e-02
6.1150224542967069e-01
1.6571152960029272e+00
-1.8938489491493125e+00
3.3273584723789645e-01
1.5900815584662151e+00
1.1710150527338026e-02
1.2817890175146569e+00
1.0972737476555572e+00
8.3612151501948306e-01
-5.0680589252324426e-01
2.6510471509454331e-01
-2.5270991119317338e-01
-1.9703332943232962e-01
-1.2866135563379038e+00
3.5320172000284933e-01
2.4358482450688407e-01
-5.9269874857545113e-01
-5.0050427007124898e-01
-2.0723916604887202e-01
-7.7107839614630747e-01
5.6474172137204526e-01
1.8928079288915027e+00
5.2569958979261130e-02
-1.1283417587207059e-01
-7.9424562281667799e-01
1.1708896979591734e+00
2.1672252288042908e+00
-3.0797332165175334e-01
2.5778096149748069e+00
-1.2686168424403530e+00
5.4512920057806091e-01
6.1899868970397551e-02
-5.0144729958034051e-01
-8.7063513048550567e-01
7.8241839126833268e-01
-7.6317018693414240e-01
-3.8974260627000290e-01
1.3043865302829625e+00
-2.0194580215349126e-01
-6.5999361823761515e-01
2.1027159414401111e+00
2.1082818375461299e-01
-1.5888470060688675e-02
1.0274294918233142e+00
8.7364875699432742e-01
-1.2253796860219544e+00
-4.6798965694174705e-01
3.9014058915511035e-01
-4.2600080795520823e-01
1.5151402378887544e+00
6.4068688803572760e-01
-4.2200467333803326e-01
-1.9076165475217106e+00
1.2695678884453641e+00
2.0938944138616460e+00
-9.9790013734941840e-01
1.0753518584023678e+00
2.0492596197638371e-01
-8.7368938389350681e-01
-1.0904458213535893e+00
-3.8832918756464879e-01
4.5946527065900211e-01
2.2662545800020202e+00
6.6583775379707932e-01
-2.3973688828455136e-01
1.1834561117255897e+00
2.2629523317529396e+00
7.9444737089260575e-01
2.3062273938695400e-02
1.4890201518314969e+00
3.5021727005631803e-01
-3.3504399453452305e-01
-8.0677522108407929e-01
-2.9450001975038043e-01
1.0266169807436494e+00
8.0609276825663589e-01
-2.1051459374778145e-01
5.1733658552691220e-01
9.0778897597254410e-02
-1.3045566474943243e-01
5.3794249782818149e-01
-5.6142369286066085e-01
9.6797086418611211e-01
-4.4666595234478235e-01
-2.2341454313221982e+00
3.3700415965553415e-01
1.0134525443460935e-02
6.4069851446429893e-01
3.2887064873804744e-01
-1.3997772827692445e+00
-1.0939677524620741e+00
2.3644702460389563e-01
-1.4537830638988536e-01
-8.3455656664612476e-01
2.6388141437450630e+00
-2.6670331684515947e-01
-5.4873497428756424e-01
2.3639831049981734e+00
-3.3614864978923131e-01
1.6608185211196800e+00
1.8129819668787235e+00
-1.9071047630512499e+00
8.0768837373611069e-01
2.1913083495698280e-01
-6.5350299997958416e-01
7.0814524046024052e-01
1.8130692833121966e+00
-4.4332874336965269e-02
-7.0379091120579351e-01
1.3451055234168956e+00
-1.0671045648909443e+00
-6.2482611501314278e-01
-1.2891068251039101e-01
1.7151031471791394e+00
-1.4831630549142677e-01
2.0182194237393567e+00
7.3323929418919173e-02
1.7090721852726733e-02
-1.7297773589249113e-01
5.1412254394614876e-01
-5.3154978514715656e-01
5.7237530330074227e-01
8.0795041448925631e-01
6.1243991374675388e-01
-2.6222842176129907e-01
5.8675278819234469e-02
-4.6290775842573723e-01
-1.1203726679052184e-01
8.5434895632258445e-01
-4.7786045251389042e-01
-9.7738189231739492e-01
1.0745064919304532e+00
-6.5713800503892514e-02
2.6317101995768721e-01
9.0364975214879462e-01
5.0463406684833267e-01
-2.7129000952729404e-01
1.8571016489404787e-01
-1.5255767056269927e+00
1.4429001585304480e+00
7.8785176437160753e-01
1.0565219706165828e-02
5.6390788779217593e-01
2.1816379225542102e+00
1.5618195336839943e-01
-1.3896833361240608e+00
1.1697767043952891e-01
7.3261228849685389e-01
-1.4525472928589809e+00
2.3371463495885406e-01
5.8682452621472081e-01
