Нормальное с масштабом 1.0000 со сдвигом 0.0000
0 800
2.0344877700110739e-01
6.6262828731586523e-02
5.2169892946110052e-01
2.9842054455200084e-01
-1.6884242322126351e-02
2.5241707634567445e-01
-7.6916743369236129e-01
1.5743629116038875e+00
-2.8064250068537733e-01
1.0482432124790672e-02
-1.0546890056278428e+00
7.3835404922637415e-01
-6.6997706147236313e-01
-2.0451387038065372e+00
3.9900838950252832e-01
-3.7298870765994779e-01
-1.1358177854376343e+00
1.6670464748070928e+00
-1.1107198657807158e+00
-7.5455474359400510e-01
1.0374687730200343e+00
8.4404238630502371e-01
-5.2341231546731404e-01
-1.3703566460907682e-01
-5.1460914266152935e-01
4.8340946863883416e-01
1.0729419500873258e+00
-1.2721180470198128e+00
4.2941836295067665e-01
2.1239116803720862e-01
-3.0307124692952767e+00
-1.2793209705815805e+00
3.9087752844595275e-01
7.5972491053655378e-01
7.1189794906178884e-03
-5.8436184356134024e-01
2.5343699497728206e-01
-1.9176135025562660e-01
-1.4489856756278721e+00
-5.9252317481421846e-01
-1.8519399645304389e+00
-9.7717674957261705e-02
1.5014165747213730e+00
-2.6600429779415982e+00
4.5262477965940401e-01
-2.0644958826519355e+00
-2.1379382941387459e+00
2.2327688157496572e+00
-3.5680134682041947e-01
-8.8530539767952132e-01
1.9081110331749864e+00
7.5866361116299608e-01
-3.7339580546009048e-02
1.2305837634561656e+00
-2.9567627079257586e-01
1.7586089347483016e+00
3.4412094375753954e-01
-8.9551306469406211e-01
1.8518937353705023e+00
2.7274407632990244e-01
1.5523256104639510e-01
1.5518201205187148e+00
-4.4003483256849907e-01
1.2232299678696712e+00
-1.6928748129305891e+00
-9.6117564085905760e-01
-5.9093565289330019e-01
-2.5473332589678338e-01
-2.4869221279465430e+00
-9.4440278062917896e-02
1.2449516678108334e+00
-5.6615045173205170e-01
1.3112256631388666e+00
-1.5336923153803326e+00
4.0547568752370122e-01
-1.7594374800564838e+00
4.7895027958151026e-01
-1.8964354528940014e-01
-1.1097093285756079e+00
-1.0344547043568044e+00
-9.2764985381071063e-01
-2.4250539380139009e-02
-3.5707741505847396e-01
-6.7690645696099427e-01
-9.3628768098943171e-01
-1.5406314889317212e+00
-4.9725002855610889e-01
-3.5612217644949973e-01
1.9917547201010430e+00
-9.0993388893524207e-01
-4.5951569992158914e-01
-1.7447879006773076e-01
-2.9981513014605721e-01
-6.7311841674618222e-01
1.3570911347730072e+00
1.0637562240258431e+00
2.0840581337029621e-01
-6.2640488513565751e-01
5.8156981993548651e-01
1.2254850125940269e+00
-1.2501340717862017e+00
1.2846715578665338e-01
1.6651007330763812e-01
1.2122182236438916e-01
1.7365718824196824e-01
9.5635712229808756e-01
3.4828761666792546e-01
-3.9042946064259859e-01
-1.0322410420139079e+00
8.6679686280217855e-02
1.0633828572263724e+00
3.5794994516592132e-01
1.0295463798391395e+00
-2.1854606509412464e-01
-5.7072722210049065e-01
7.1949571840166857e-02
1.1432790283307959e+00
2.8241136271600858e-01
-8.4765957727541208e-01
7.9501386011075648e-01
9.0497991803446654e-01
1.4073705190361556e+00
1.3964000704841506e+00
5.1409245248811719e-01
5.9490631482604264e-02
2.2476169182044328e+00
9.9178065215746902e-02
1.5303076456298879e+00
-5.3925767423158788e-01
1.8551406874766299e-01
8.3039098617647089e-01
-5.6713550403769075e-01
-1.5221759577740981e-01
1.9865545162407434e+00
1.3352378681613444e+00
8.6795483088971348e-01
-8.5935150059831622e-01
-1.1394613749267124e+00
-1.1492621640461069e+00
3.3126319682105110e-02
7.0285467048093531e-01
-6.2194442216904351e-02
-6.5681755567216005e-01
-2.1633244691462048e+00
1.7764742110356215e+00
-1.1721908089140343e+00
9.0930746475990964e-01
-8.0422942449722845e-01
-3.1908417392227845e-01
-5.4521062081023708e-01
1.0125069031176093e+00
-1.4764844384714326e+00
1.3821983372671393e-01
-4.5079433417064529e-01
6.8951941845415532e-01
2.0010287747563091e+00
-3.4748944716309110e-01
1.3477729575964674e+00
-1.3312949888318530e+00
2.9725409627190552e-01
-9.7293147206249975e-01
1.2346116290573610e+00
1.7338666399902789e+00
-6.1683493659264670e-02
3.2466222030163633e-01
1.1250210275363139e-01
-6.9182101393609274e-01
1.8826737386896886e+00
-9.3687509020749932e-02
7.0003810977696901e-01
1.1465016219754329e+00
1.6285195973954918e+00
1.3002424703823801e+00
1.1957823197565374e+00
-2.2794579589686118e-01
6.2029390060946765e-01
-6.6736932697645008e-05
6.7003861484039851e-01
-8.9385271519925158e-01
-3.0041483080123210e-04
1.3551168953414330e+00
-1.0450438413681424e+00
1.0256058232832073e+00
2.8117692654565305e+00
-2.3276684130830638e-01
2.1012774970373469e+00
2.4310002226950594e-01
1.6862128198582320e+00
1.8368628095544101e-01
-1.0690292954695400e+00
5.7943717391161320e-01
1.1268615334323091e+00
-3.7879712594768067e-01
2.0072382075015951e+00
-4.4259775273688129e-02
-5.8927407284488620e-01
2.3751371825811726e-01
4.7055347084880600e-01
1.9702476097839552e-01
-1.2456636938789021e+00
9.1773367050149290e-01
6.8498148899044908e-01
-1.1366868143873468e+00
-5.6370928321772462e-01
1.0371519671475604e+00
-1.8651147518656838e-01
1.2379358550274511e+00
-6.6965449711679692e-01
3.6832395182845051e-01
9.1319164487520921e-02
-1.2681094698860276e+00
-5.6333106924685539e-01
-4.8993679796731532e-01
-1.0843658995539898e+00
2.1566187044146989e-01
2.9941132194248604e-01
6.6816587914446179e-01
-3.9522976050506825e-01
-4.7991059835490479e-01
-5.8128477463124339e-01
-6.0811604927787632e-01
-2.5286395676585960e-01
-6.8980703883359762e-01
4.5515733359417454e-01
-2.9957521530082626e-01
-1.2914329915775482e+00
4.0485329290236816e-01
5.2953990157939024e-01
-6.0508456170706870e-01
8.3061482542209553e-01
-4.9697399635255081e-02
9.3193007391523017e-02
-7.6958688621306170e-01
-5.7849000505833792e-01
9.9190465587373100e-01
-5.8781307292349115e-02
-6.7629086822027551e-01
1.3718796844613304e+00
2.5342236344279065e+00
-3.3017047699779206e-01
-6.4230302461196964e-01
-6.9742142410046171e-02
2.8469749228199698e-01
4.7660595592405619e-01
-8.7405920639618073e-01
1.4615308904660965e-01
2.4524693391057453e-01
-5.7116068576619461e-01
-2.4893304510534428e-01
4.7405367855922703e-01
-5.3930424956356071e-01
5.7666000341921242e-01
1.4958082724950523e+00
6.5663273863664084e-01
-2.0528652585459217e+00
-1.6373942378318551e+00
4.3336831959333355e-01
-1.3212584950583870e+00
1.4217709953236917e+00
8.3188586998180236e-01
1.1018241699754827e-01
-4.5487081543256619e-01
-1.0309530773025710e+00
2.9015193017806551e-03
-7.2533740929074753e-01
-2.5985619334318916e-01
5.7862045723811029e-01
1.0960244301310016e+00
3.0686713442187236e-01
4.0651616636507620e-01
8.9448609474452032e-02
2.8394356467614335e-01
7.2759553221800732e-01
4.0846561033130757e-01
1.2134665508921116e+00
5.9294588426366468e-01
-9.7444289004063722e-01
5.8007415227095482e-01
-8.1909493579440762e-01
1.2985459646438575e+00
-1.0793754615829554e+00
-4.6448051544927893e-01
-1.3702739773335775e+00
-7.8747430149449771e-01
-5.0716556889738562e-01
-2.4289447838567535e-01
-1.0903488939688091e+00
1.1963992092179616e-02
-4.3290824965993885e-01
-2.3794834310506999e-01
-6.7816469703516702e-01
7.9453582508702625e-01
2.6557697474233342e-02
5.9021930766671526e-01
-5.5774596677909372e-01
-1.8784422228128432e+00
-2.0946781219184309e+00
9.6841510766998051e-01
-4.1451204909927580e-01
3.8693060055248550e-02
5.4790344217047815e-01
-7.3065091504949065e-01
4.6891423010466543e-01
9.0085063147269817e-01
1.6601187126312120e-01
7.7404182372826058e-01
6.5660901107816236e-02
-1.2787429662470735e+00
-7.0240687849287242e-01
5.9845433441258655e-01
-7.3777427858249944e-01
-3.3927246716277820e-01
-2.3507798128226534e+00
6.4501559865055902e-01
-2.1210192348010746e+00
1.9219772107317419e+00
8.8635750552008630e-01
-7.4499377545967782e-01
-2.8191549215994832e-01
2.7917625383339178e-02
4.9087744515705051e-01
-1.3321752192297893e+00
1.7811809440256228e+00
5.8943720258972288e-01
-5.3321712005036437e-01
-2.1052223508430171e-01
-6.6025136350462699e-01
1.3243115191725294e-01
1.3414602946452463e+00
-5.5347339891228098e-01
1.2025897921484470e+00
8.3096188226262779e-01
3.2443781341423228e-01
-6.4855472794462621e-01
3.0948664011959622e-02
-8.9047615729536322e-01
-8.4056538780069284e-03
-2.6452177301313928e+00
3.9812387185363973e-01
6.5659226588448127e-01
8.7481005683056071e-02
-1.1030935126953421e+00
-3.4388346799792968e-01
-1.9472266166928207e-01
-4.2386793953379726e-01
1.9333153483224197e-01
4.2123426149882914e-01
3.3773831110652397e-01
6.5193092175127376e-01
-2.0370615003008097e+00
2.1766639476900742e-02
-1.5375403828523557e+00
9.4250284489944547e-01
-1.1380016461029372e+00
1.1744860491719933e+00
-7.8919115742728163e-01
-2.6006392467769313e-01
-1.6419893149417450e+00
4.8251565398238477e-01
-2.7160706390421041e-01
-5.2747459832699059e-02
4.8520777245785829e-01
-7.7750803380110001e-01
4.4812874904156375e-01
-1.4444593436143672e-02
8.8874670143831136e-01
-9.0917561240990385e-01
1.0127787237280552e+00
5.8772333166027546e-01
-4.7135919424194578e-01
5.2364998207340685e-01
5.5700740744782151e-01
-1.0042370659522581e+00
-1.1060242028341010e+00
-3.3525881180460043e-01
-7.0827306919430644e-01
-9.3519821211544985e-01
-1.5353729264023368e+00
-1.6082324072464658e+00
2.8874117405635280e-01
-6.5520143988906365e-01
-8.7787700023945151e-03
-7.3522442391632736e-01
1.6673678819198012e-01
4.3661516202494832e-01
-1.9394469243257384e-01
-1.8023706060176934e+00
9.3074390897626191e-01
-8.8122971242241221e-01
1.8018712706117282e-01
-1.5795585179160103e+00
5.8738303745511733e-01
4.4658392370946742e-01
2.1566738518924794e-01
8.4386654751625845e-01
-8.7956882927846369e-02
7.2538463127660180e-01
2.5840781322559825e+00
-6.2107324308584400e-01
1.2221398232579511e-01
5.0344877700110457e-01
3.6626282873158789e-01
8.2169892946098944e-01
5.9842054455177318e-01
2.8311575767790581e-01
5.5241707634560777e-01
-4.6916743385044568e-01
1.8743629116355094e+00
1.9357499315087755e-02
3.1048243212479082e-01
-7.5468900562784380e-01
1.0383540495104469e+00
-3.6997706147236287e-01
-1.7451387036325106e+00
6.9900838950209665e-01
-7.2988707659947791e-02
-8.3581778543763374e-01
1.9670464748070933e+00
-8.1071986578071542e-01
-4.5455474380514732e-01
1.3374687729957047e+00
1.1440423862716047e+00
-2.2341231546727935e-01
1.6296433543749722e-01
-2.1460914266148753e-01
7.8340946863862437e-01
1.3729419496802260e+00
-9.7211804700990767e-01
7.2941836320778819e-01
5.1239116803720175e-01
-2.7307124733238792e+00
-9.7932097057483525e-01
6.9087752844551420e-01
1.0597249107276017e+00
3.0711897949061800e-01
-2.8436184356133365e-01
5.5343699497721244e-01
1.0823864993670040e-01
-1.1489856756278829e+00
-2.9252317481421314e-01
-1.5519399646195051e+00
2.0228232505436317e-01
1.8014165747216742e+00
-2.3600429779393868e+00
7.5262477965909924e-01
-1.7644958839646725e+00
-1.8379382941454088e+00
2.5327688157471551e+00
-5.6801346820419492e-02
-5.8530539768645495e-01
2.2081110331816305e+00
1.0586636113580483e+00
2.6266041945432195e-01
1.5305837634560591e+00
4.3237292084369987e-03
2.0586089347311765e+00
6.4412094375714812e-01
-5.9551306469891951e-01
2.1518937355877692e+00
5.7274407632977375e-01
4.5523256104639492e-01
1.8518201205283984e+00
-1.4003483256836496e-01
1.5232299678696133e+00
-1.3928748129305899e+00
-6.6117564085938374e-01
-2.9093565289329459e-01
4.5266674103216595e-02
-2.1869221279412852e+00
2.0555972194722899e-01
1.5449516679687485e+00
-2.6615045173203999e-01
1.6112256631465061e+00
-1.2336923153838362e+00
7.0547568752327872e-01
-1.4594374800561078e+00
7.7895027958128704e-01
1.1035645489415678e-01
-8.0970932857560785e-01
-7.3445470435680893e-01
-6.2764985381213600e-01
2.7574946061994776e-01
-5.7077415058474031e-02
-3.7690645696099417e-01
-6.3628768099042665e-01
-1.2406314889369328e+00
-1.9725002855605031e-01
-5.6122176449499787e-02
2.2917547200462849e+00
-6.0993388893810252e-01
-1.5951569992148301e-01
1.2552121006140751e-01
1.8486985518882445e-04
-3.7311841674618224e-01
1.6570911347707058e+00
1.3637562238122138e+00
5.0840581337029112e-01
-3.2640488513565574e-01
8.8156981993545902e-01
1.5254850125939539e+00
-9.5013407175660314e-01
4.2846715578664940e-01
4.6651007324355759e-01
4.2122182236438138e-01
4.7365718824196817e-01
1.2563571221222283e+00
6.4828761666752355e-01
-9.0429460385941490e-02
-7.3224104201391371e-01
3.8667968628016908e-01
1.3633828570184896e+00
6.5794994516550021e-01
1.3295463798280087e+00
8.1453934905875394e-02
-2.7072722210048034e-01
3.7194957184018429e-01
1.4432790283307957e+00
5.8241136271584459e-01
-5.4765957729816506e-01
1.0950138602006840e+00
1.2049799180378629e+00
1.7073705190338040e+00
1.6964000704815563e+00
8.1409245248798934e-01
3.5949063148258742e-01
2.5476169181555264e+00
3.9917806521571692e-01
1.8303076456327183e+00
-2.3925767423156394e-01
4.8551406874766295e-01
1.1303909860670629e+00
-2.6713550403767938e-01
1.4778240429507830e-01
2.2865545161599967e+00
1.6352378682786866e+00
1.1679548308936964e+00
-5.5935150061436278e-01
-8.3946137492671236e-01
-8.4926216436652946e-01
3.3312631968205886e-01
1.0028546704809354e+00
2.3780555778508655e-01
-3.5681755567215995e-01
-1.8633244691469828e+00
2.0764742110300940e+00
-8.7219080895682566e-01
1.2093074647628315e+00
-5.0422942444155050e-01
-1.9084173921322913e-02
-2.4521062081021658e-01
1.3125069031160883e+00
-1.1764844383375748e+00
4.3821983372671275e-01
-1.5079433417052662e-01
9.8951941845415492e-01
2.3010287747296214e+00
-4.7489447163091211e-02
1.6477729579564251e+00
-1.0312949889124279e+00
5.9725409627168258e-01
-6.7293147206268356e-01
1.5346116290572236e+00
2.0338666399166847e+00
2.3831650634266616e-01
6.2466222030130603e-01
4.1250210275361726e-01
-3.9182101393609231e-01
2.1826737387256783e+00
2.0631249098907975e-01
1.0000381097769688e+00
1.4465016223706149e+00
1.9285195977899157e+00
1.6002424703837903e+00
1.4957823197590290e+00
7.2054204103138911e-02
9.2029390060945904e-01
2.9993326306729184e-01
9.7003861484039733e-01
-5.9385271520440386e-01
2.9969958516675882e-01
1.6551168953391988e+00
-7.4504384136814461e-01
1.3256058232758801e+00
3.1117692654565303e+00
6.7233158691693620e-02
2.4012774971543993e+00
5.4310002226946064e-01
1.9862128189733803e+00
4.8368628095544108e-01
-7.6902929546954002e-01
8.7943717391158449e-01
1.4268615334323087e+00
-7.8797125947680693e-02
2.3072382074854287e+00
2.5574022472689933e-01
-2.8927407284488066e-01
5.3751371825808203e-01
7.7055347084855708e-01
4.9702476097839404e-01
-9.4566369392849237e-01
1.2177336705036297e+00
9.8498148899044824e-01
-8.3668681438734649e-01
-2.6370928321771198e-01
1.3371519671239478e+00
1.1348852498456374e-01
1.5379358550272830e+00
-3.6965449711679654e-01
6.6832395182801552e-01
3.9131916448747961e-01
-9.6810946987384128e-01
-2.6333106924684285e-01
-1.8993679796724847e-01
-7.8436589955399028e-01
5.1566187044146061e-01
5.9941132194225433e-01
9.6816587914446073e-01
-9.5229760278906783e-02
-1.7991059835482556e-01
-2.8128477463123569e-01
-3.0811604927787306e-01
4.7136043234140522e-02
-3.8980703883359746e-01
7.5515733359387760e-01
4.2478470040491147e-04
-9.9143299157442699e-01
7.0485329290194454e-01
8.2953990157929491e-01
-3.0508456170706544e-01
1.1306148253145070e+00
2.5030260036562585e-01
3.9319300739148411e-01
-4.6958688636978968e-01
-2.7849000505832944e-01
1.2919046558737428e+00
2.4121869270926638e-01
-3.7629086822027502e-01
1.6718796844586774e+00
2.8342236344363703e+00
-3.0170476997792014e-02
-3.4230302461196904e-01
2.3025785759301839e-01
5.8469749228182410e-01
7.7660595592382564e-01
-5.7405920640626651e-01
4.4615308904660916e-01
5.4524693391052470e-01
-2.7116068576618441e-01
5.1066954894655743e-02
7.7405367855898877e-01
-2.3930424956353644e-01
8.7666000341918093e-01
1.7958082724951578e+00
9.5663273863663878e-01
-1.7528652584187789e+00
-1.3373942378090140e+00
7.3336831959297222e-01
-1.0212584950856056e+00
1.7217709953217708e+00
1.1318858698841134e+00
4.1018241699753161e-01
-1.5487081543245335e-01
-7.3095307730257741e-01
3.0290151930178066e-01
-4.2533740929074759e-01
4.0143806656810943e-02
8.7862045723808069e-01
1.3960244301310016e+00
6.0686713442161033e-01
7.0651616636465497e-01
3.8944860947440757e-01
5.8394356467597353e-01
1.0275955322180075e+00
7.0846561059862367e-01
1.5134665508921856e+00
8.9294588426364485e-01
-6.7444289004080782e-01
8.8007415227092578e-01
-5.1909493584423161e-01
1.5985459646448985e+00
-7.7937546158295534e-01
-1.6448051544917966e-01
-1.0702739773335626e+00
-4.8747430126530950e-01
-2.0716556889733703e-01
5.7105521614324507e-02
-7.9034889396880925e-01
3.1196399209217957e-01
-1.3290824965979489e-01
6.2051656894930099e-02
-3.7816469703516709e-01
1.0945358251779536e+00
3.2655769747422853e-01
8.9021930766669388e-01
-2.5774596677907874e-01
-1.5784422223789689e+00
-1.7946781220921679e+00
1.2684151076702170e+00
-1.1451204932532487e-01
3.3869306005520095e-01
8.4790344217041391e-01
-4.3065091537375111e-01
7.6891423010441151e-01
1.2008506314765832e+00
4.6601187106169395e-01
1.0740418238711267e+00
3.6566090110781602e-01
-9.7874296624011170e-01
-4.0240687849287238e-01
8.9845433441256972e-01
-4.3777427886947146e-01
-3.9272467162778261e-02
-2.0507798128248753e+00
9.4501559865055562e-01
-1.8210192348262739e+00
2.2219772107341820e+00
1.1863575055256457e+00
-4.4499377571199000e-01
1.8084507840549255e-02
3.2791762538333352e-01
7.9087744515686242e-01
-1.0321752193177640e+00
2.0811809440215647e+00
8.8943720258970060e-01
-2.3321712005033651e-01
8.9477764915698352e-02
-3.6025136350462694e-01
4.3243115191725012e-01
1.6414602948539860e+00
-2.5347339891226439e-01
1.5025897921492977e+00
1.1309618821578158e+00
6.2443781341390270e-01
-3.4855472794462544e-01
3.3094866401191481e-01
-5.9047615730116365e-01
2.9159434612199936e-01
-2.3452177301056349e+00
6.9812387185320701e-01
9.5659226588447943e-01
3.8748100568300853e-01
-8.0309351269534213e-01
-4.3883467997929755e-02
1.0527733853581911e-01
-1.2386793970536696e-01
4.9333153483224101e-01
7.2123426168436666e-01
6.3773831110615042e-01
9.5193092175127114e-01
-1.7370615000682590e+00
3.2176663947689849e-01
-1.2375403828567306e+00
1.2425028445644966e+00
-8.3800164610293704e-01
1.4744860492058400e+00
-4.8919115722381601e-01
3.9936075322306842e-02
-1.3419893147361559e+00
7.8251565398217238e-01
2.8392936095789641e-02
2.4725254016839063e-01
7.8520777245765372e-01
-4.7750803393385249e-01
7.4812874904124460e-01
2.8555540656387790e-01
1.1887467014436417e+00
-6.0917561241284723e-01
1.3127787237264785e+00
8.8772333166025241e-01
-1.7135919424185567e-01
8.2364998207330009e-01
8.5700740744777004e-01
-7.0423706595229130e-01
-8.0602420283410092e-01
-3.5258811804600526e-02
-4.0827306919430667e-01
-6.3519821211649230e-01
-1.2353729264061963e+00
-1.3082324073841287e+00
5.8874117405616389e-01
-3.5520143988906300e-01
2.9122122999761235e-01
-4.3522442421629187e-01
4.6673678816501679e-01
7.3661516202459609e-01
1.0605530776911290e-01
-1.5023706060102850e+00
1.2307439089775347e+00
-5.8122971243037014e-01
4.8018712706117267e-01
-1.2795585179569469e+00
8.8738303745509395e-01
7.4658392370914417e-01
5.1566738518923882e-01
1.1438665474822256e+00
2.1204311707981705e-01
1.0253846312766020e+00
2.8840781322558859e+00
-3.2107324308584240e-01
4.2221398232578794e-01