Нормальное с масштабом 1.0000 со сдвигом 0.0000
0 1000
-7.5288408693036679e-01
-2.3679808223388235e-01
-8.9642795510293105e-01
-1.8501575063465991e-01
1.3378637744800248e+00
1.3044454244458017e+00
1.0905690153250747e+00
8.8683768348724623e-01
4.1720064297575538e-01
7.7022049204845922e-01
3.4041991465824817e-01
1.8066863800418889e+00
8.9986236256620455e-03
-2.1677979013389431e-01
-9.3847403358310921e-01
1.0573951845243844e-01
4.4249412405455102e-01
6.8195285228347868e-01
6.7208950843057125e-01
7.7249361330808486e-01
-1.2819457371603875e+00
-5.8328287885679697e-01
-5.1511399997130414e-01
-4.9676758623169137e-01
-1.5120812380766230e-01
4.8114996003332244e-01
-1.0017198451251199e+00
1.0764297741182993e+00
1.2034495708993373e-01
-1.4181302819293806e+00
-6.7215518572866306e-01
-5.3425135876053620e-01
1.6514187968697691e+00
3.1889386559121768e-02
-1.3311748682167641e+00
-1.0651481969333179e+00
5.2995230029665630e-01
-6.3846636035044879e-01
-7.0912390834541672e-01
-1.5976597224434870e+00
3.0468621944640978e-01
-7.9931290471568661e-01
-1.1120917484697290e+00
3.4037583415095879e-01
-1.5341615026738238e+00
-1.8786851406706440e+00
-1.9272672498839102e-01
-1.4143167627313361e-01
-5.6989030531020612e-01
5.5714639164886681e-01
6.6585330003350918e-01
7.7391978013103735e-01
-6.6065412387842237e-01
-6.1414189543309816e-01
-1.8832061100733697e+00
2.8426195516502861e-01
6.9483269971589129e-02
-1.0746868605395639e+00
-5.8352121188145645e-01
-4.9341067755784385e-01
9.6154237995128711e-01
1.0742413201612830e+00
4.1719186180564427e-01
1.0159769484790833e+00
-8.4120461544161240e-01
2.0231239960018614e+00
-1.8208879998828195e-01
2.8213357407577560e+00
-4.0609578524652817e-01
6.9482549637085822e-01
2.3266566896718732e-01
-1.8779490298901025e-01
-4.6211791844963568e-01
7.2332691807055771e-01
-7.2494359061263452e-03
3.5119291397355368e-01
-5.8350174563452664e-02
9.9746092958316734e-01
7.8950769101197651e-03
-8.6561645011472355e-01
4.6788334230864280e-02
-7.7314229624291642e-01
1.4093475202826597e+00
2.5367881896103850e-01
3.6759740637226934e-01
-3.0440632988153822e+00
8.9544850107467801e-03
-1.6716435800824823e+00
2.6112460488725420e+00
1.7949945131725276e-01
-8.0769950234946220e-01
6.2703199641008800e-01
6.0734538714332520e-01
1.9227471062314015e-02
6.8162503422419896e-01
9.0487259644049778e-01
-2.5648804910006091e+00
-1.0676909175057545e+00
2.1247326952467800e+00
1.8995152839777754e-01
1.9331246747233710e+00
-7.9579188722449024e-01
2.9941009875130958e-01
1.8327186519719943e-01
1.0848649681870131e+00
-7.4774835711143428e-01
-2.9667747575384618e-01
2.7642834708365110e-01
2.7105629550971810e-01
-5.6765925651104998e-01
1.0126585773824706e-01
3.8029613734027318e-01
3.8894069042928159e-01
-5.5857976060633829e-01
-5.1930070767363734e-01
9.8409132829870560e-01
-8.2295328094654130e-01
1.6111127308118520e-01
-1.8380855991764153e+00
-4.3600244277377342e-01
-1.8080183511309011e-01
-1.6392258968103421e+00
-9.3183968734691858e-01
-2.1154369554170001e+00
4.4831109519797885e-01
2.0224601450441274e-01
1.0621184383507087e+00
-1.3436660209012106e+00
1.2077485397166126e+00
-7.6927599085445186e-01
1.8481799453254630e-01
-7.0342953482305834e-02
-8.2657332669888395e-01
-9.7982723913864622e-01
7.4330448789002479e-01
-1.1446940333447415e-01
-2.4302818133751551e+00
-2.0387005314465787e+00
-1.2347222101079816e+00
8.7614124798144032e-03
-5.3691908013921574e-01
5.5591449936380863e-02
-1.2259679933200285e+00
1.0471312171641449e+00
9.1167666473362596e-01
3.1830422063861991e-01
2.4925810766861081e-01
4.2409603667365242e-01
-3.0320469537628431e-01
1.7905606428703564e+00
7.5900942861490373e-01
-1.1470002726630819e+00
2.4526903800762059e-01
6.7653333724536613e-01
-1.1604092843011062e+00
-1.1864991862032419e+00
1.5621160766240365e+00
-1.1840033532903744e+00
1.9301004574687466e+00
6.6709995456777793e-01
-1.7465659527983921e+00
-6.6619911291318709e-02
1.0837318903155493e+00
-1.7739140844436663e-01
7.6229404105955390e-01
1.3021382635705347e+00
-5.9076067830087864e-01
3.4316250439283330e-01
7.8335377254704852e-01
1.3513024263352467e+00
8.5604656051639527e-01
-1.4294461567278739e-02
-8.3773986020768382e-02
3.3528474342338271e-01
-2.2702710566419415e+00
-1.0350650611214228e-02
6.0781276085469382e-01
2.1397676613562396e-02
-4.8727402134097686e-01
-2.4574840379842203e-01
-2.0517431813197703e-01
-1.3749960374891246e+00
1.8669431583694726e-01
-4.9633965687596165e-01
4.4569184568450931e-01
5.8048248463859053e-01
-3.8621626190402680e-01
2.5436281369185132e-01
1.9992845962193235e+00
-4.6553863619314351e-01
1.9305896595256440e+00
-3.4737344737875986e-01
1.5408222116380084e+00
-7.1152833336229449e-01
1.2879316620975643e+00
-4.2771100022845449e-01
3.9026437707019973e-01
-1.1353171930243724e+00
-6.1781652847440038e-01
2.0076169917335099e-01
-2.3759946587367151e-01
-1.7525010545780102e-02
-1.9729027100266297e-01
2.7766962512277749e-01
2.6157161308510946e-01
-1.4675770910300581e+00
-4.6174487349789561e-01
-2.9808712661013903e-01
-8.2329005161020397e-01
9.4291675022726618e-01
3.6223026822602727e-01
2.4777065823543898e-01
2.0840391310632911e+00
2.1324082163792273e+00
-3.6048130484569502e-01
-6.4273007267195104e-01
8.6495195396079638e-01
-5.1934706476104953e-01
6.6979837064139613e-01
-1.7389342490014634e+00
-5.8162203735744145e-01
4.2938311650061395e-01
-7.9184106562017054e-01
2.1401997083126312e-01
-1.4691433519147992e+00
1.2356630447809143e+00
6.0794393652036560e-01
2.2095330812750014e+00
-8.0056863871233430e-01
3.5048764001773556e+00
7.2528423828057498e-01
-4.5008142348944358e-01
-7.9291946312648609e-01
1.4412025953188803e-01
-9.7816319882816272e-01
1.6916537782472221e-01
1.1054665867179569e+00
-4.7222532872518647e-01
1.5905442394532616e+00
4.1139211216152244e-01
-1.6848022724778353e+00
2.9597576356155963e-01
-1.3056047185530024e+00
-3.1592482123158944e-01
-1.3010064203520602e+00
1.3929667188225985e+00
-7.9521432066805509e-01
-5.0850118053543203e-01
1.2275823076510521e+00
-1.7718766941610661e-01
1.9173106907656981e-01
6.4849257823614381e-01
-2.5976279969549937e-01
-4.7213485286797585e-01
-3.0109986595230037e-01
-9.6737159689414254e-01
1.8801298134586319e+00
-1.9006263702413602e+00
2.4518780123879171e+00
2.1885527815146064e-02
1.3420315184167926e+00
-4.8114122045242791e-01
-3.0264042382245249e-01
4.5474210562209960e-01
2.7885744996616224e-02
-2.9332496783378093e-01
-1.6592619412911958e+00
-2.3058815732861476e-01
4.0233497697274256e-01
-1.2117446988302780e+00
-9.0509088161995960e-02
7.3486302836384437e-02
1.3437902844747827e+00
-1.8795029234668212e+00
-3.3080265163365719e-01
-7.5867523812165272e-01
2.3145286162417240e+00
6.0618912361881350e-01
-8.6177159786310042e-01
5.3931859686980332e-01
-6.6162421393768059e-04
-5.6800969455909900e-01
4.8254536269024206e-01
5.3606310382610389e-01
-1.8667583582267424e+00
6.0661507900364009e-02
9.1939487273921405e-01
1.9701364577198233e+00
8.1206018065593721e-01
-1.1515715877525299e+00
-1.2183635122115355e+00
1.8668951840948558e+00
-1.6339937401054869e+00
-2.8575994491168792e+00
7.8974601856066848e-02
3.3962478601780194e-01
-3.3490640515028486e-01
3.2477160045459275e-01
-8.2416175542688086e-01
-2.0704275353244031e-01
6.8742462796971326e-01
2.1557040805378502e+00
-1.2559435352518730e-02
1.4229022627819732e+00
-2.0630969216873356e+00
-2.0706958345311532e+00
-5.5884601149881052e-01
-2.8812473082838652e-01
2.0012597961991874e-01
-1.2619282203738547e+00
1.0106559982154253e+00
-2.0580652024579177e-01
-2.0325525809930065e+00
1.2002953540686874e+00
1.3731674098409994e+00
-1.4045748783821401e+00
-1.6544913364986072e-01
-4.2600261976875409e-01
1.1305071093484400e+00
1.4420052105213493e-01
3.6809192362785492e-01
4.0607597326687178e-01
2.2160043177699432e-01
-7.0406387724091068e-01
2.5839620799870948e-02
-2.0344043586975866e-02
3.4270977931519303e-01
-1.2355773642085559e+00
-6.7854242456257219e-01
1.1885234850231614e+00
-1.1238746768108714e+00
-9.5691474947551425e-02
-8.7618969061969165e-01
6.5246943038725946e-01
7.7821468984262487e-01
-1.4123011649862949e+00
-8.4429690371456256e-01
-1.3298168762158344e+00
6.5070286129871224e-01
1.4331783564721055e+00
-2.2274180642161132e-01
2.1660950262188514e+00
9.1847738961473913e-01
2.7632226904520141e-01
3.6425753566485403e-01
1.3558427443073338e+00
9.9356651138945751e-01
-4.2448423105077415e-01
-8.1671887476570870e-01
-3.4262607292035446e-01
4.6742856949716688e-01
7.1832735997025865e-01
-2.3419105960017894e-02
-1.0706726365363783e+00
-1.2533086021180493e+00
-4.2379058960412830e-01
-1.4147835647550890e+00
1.9671363836841155e-01
-1.0241379977532070e+00
1.4670475735215582e+00
1.3254220705856867e+00
-8.3095581070177837e-01
5.5048100136361348e-02
-5.8472441748488913e-01
1.0447695404223396e+00
-3.6004446715738675e-01
-8.6356422350138728e-01
-7.4754148158652634e-01
-4.2493805257225375e-01
-3.2465702553003961e-01
-3.4141963607353532e-01
-1.7049487987307406e+00
1.3517067511034173e-01
6.9406256356835094e-01
-2.3380007124808352e-01
-6.7980456688562274e-01
-3.2494636993994003e-01
3.8936039616679635e-01
-4.0713377581122207e-01
-1.1222297912282095e+00
-5.8198722212132892e-01
-1.8111582200149839e-01
5.8749313641334988e-01
5.4483629196812683e-02
1.1386622522107528e+00
6.7433107341834242e-01
5.1700861826512923e-01
-2.5697251380573738e-01
5.9334762195766699e-01
-8.9576111038870976e-01
1.0840931309004079e-01
-1.8455637532876663e+00
-3.1124478309223019e-01
5.2367898392727208e-01
-1.7375869868349331e-01
-2.9273885425572715e-01
-3.9551421193660896e-01
-9.3920227315365512e-01
-4.0275607866567936e-01
1.1322143935162851e-01
2.0189372711718964e-01
7.6087564506670313e-01
-7.1261423975661886e-01
3.9851762741423569e-01
-1.1095654409625356e-01
-1.2521947117438643e+00
4.3549187473188067e-01
-3.4921307649097205e-01
-1.0002853043887026e-01
-9.4861195436717372e-01
-4.2487663000207988e-02
-1.5366532157421967e-01
-4.7857131434573419e-01
6.8070524035886948e-01
5.1374399298809847e-01
-8.5169452770910170e-01
9.1200064337384246e-01
-1.0034476647380457e+00
6.5338372553905821e-01
-6.7272033280504406e-01
-1.5745676395764069e-01
-1.7710256819258294e+00
-1.6215487729328815e+00
-6.8502905233983491e-01
1.3300817435974726e+00
-1.5739116205186150e+00
-3.0596619357993415e-01
-1.0398388282949194e+00
2.0088132829715866e+00
2.8712185713710586e-01
1.3590016952387887e+00
-5.0893930723593772e-01
4.5299680063523073e-01
-1.1497842068489106e-01
-6.7948930073771752e-01
-9.6955923386265064e-01
-1.6686137629912077e+00
-3.9264600677509592e-01
9.7034782367781802e-01
-2.8707054666378207e-01
9.6238838419732214e-02
1.5055198729354560e+00
1.2978782416167802e+00
4.9770965935230238e-01
1.4466183976406506e+00
-1.0749895676429728e+00
6.4870723703769251e-01
-1.1970266734012354e+00
-6.8374712818773320e-01
2.2536651782029198e+00
6.1635292888339221e-01
9.8243754649587078e-01
-1.0718678253397579e-01
8.4679236554830783e-02
-2.7557158156662425e+00
-3.5761180710347873e-01
2.1137375177796983e-01
-9.0474561101325168e-01
5.3426569547727520e-01
-6.3939766050136149e-01
6.2542154933108984e-01
2.6827292435346206e-01
1.1844208955842712e+00
2.9359156042074486e-01
8.6108987412040636e-02
7.2941399579805755e-01
9.7608891652117558e-01
-2.6799939756223351e-01
-4.8588872142544809e-01
5.4211718343156634e-01
-1.9189540739731941e+00
6.8422589456040062e-01
1.2772001279983536e-01
7.8420621714730976e-01
-2.1298054515093399e-02
6.8338341689069848e-01
-1.7015585636366874e+00
7.6596288606662366e-01
1.0321245203611609e+00
4.2292376567933465e-01
7.5476363993722084e-01
4.5210797435764971e-01
4.9680605090544622e-01
-1.1431839443748595e+00
3.1775305792641255e-02
-9.0505752978531540e-01
2.4497673255374336e-01
-6.8728191036372122e-01
1.5141037243507760e+00
-3.4597227190272051e-01
7.5407818598431076e-01
-9.6720620787691203e-01
2.4710228006504895e+00
3.4280493599338463e-01
5.2290809504299107e-01
-3.0881906042103158e-01
6.9126268640039013e-01
1.2396357205788151e+00
2.6972139946199353e-01
-2.3617028732090657e+00
-9.7874931329281944e-01
-3.0783750690399947e-01
-1.1653563416379786e+00
-2.4052047574374477e-01
1.7392229069143110e+00
1.6957790514576219e+00
1.4177397199225974e+00
1.1528889885362605e+00
5.4236083613991348e-01
1.0012866398641014e+00
4.4254588905504388e-01
2.3486922940544539e+00
1.1698210713360484e-02
-2.8181372711353575e-01
-1.2200162436592390e+00
1.3746137392624116e-01
5.7524236127025374e-01
8.8653870796852019e-01
8.7371636095974015e-01
1.0042416974923534e+00
-1.6665294576781080e+00
-7.5826774251377582e-01
-6.6964819996242853e-01
-6.4579786210084122e-01
-1.9657056086128960e-01
6.2549494804287531e-01
-1.3022357986626505e+00
1.3993587063537900e+00
1.5644844414204395e-01
-1.8435693665044373e+00
-8.7380174144725875e-01
-6.9452676638850963e-01
2.1468444355038492e+00
4.1456202526878212e-02
-1.7305273286499847e+00
-1.3846926560133137e+00
6.8893799038544934e-01
-8.3000626845557246e-01
-9.2186108084904117e-01
-2.0769576393045317e+00
3.9609208527990364e-01
-1.0391067762361204e+00
-1.4457192730106474e+00
4.4248858439556732e-01
-1.9944099534806494e+00
-2.4422906829167710e+00
-2.5054474240782743e-01
-1.8386117906855090e-01
-7.4085739690318253e-01
7.2429030914341164e-01
8.6560929004355813e-01
1.0060957143565510e+00
-8.5885036104194412e-01
-7.9838446406300301e-01
-2.4481679431342691e+00
3.6954054171425760e-01
9.0328250939940236e-02
-1.3970929187014327e+00
-7.5857757544583293e-01
-6.4143388082482156e-01
1.2500050939275043e+00
1.3965137162096681e+00
5.4234942061883840e-01
1.3207700330221275e+00
-1.0935659998910325e+00
2.6300611948024213e+00
-2.3671543990204644e-01
3.6677364624433633e+00
-5.2792452081968277e-01
9.0327314528211466e-01
3.0246536965730597e-01
-2.4413337380584221e-01
-6.0075329398397259e-01
9.4032499349172449e-01
-9.4242666779643571e-03
4.5655078816488326e-01
-7.5855226919324809e-02
1.2966992084581617e+00
1.0263599983155826e-02
-1.1253013851270721e+00
6.0824834494605524e-02
-1.0050849853050527e+00
1.8321517763617623e+00
3.2978246464924427e-01
4.7787662828315264e-01
-3.9572823050191084e+00
1.1640830513970845e-02
-2.1731366539755035e+00
3.3946198635343161e+00
2.3334928662856533e-01
-1.0500093531407158e+00
8.1514159533309805e-01
7.8954900328629207e-01
2.4995712381012097e-02
8.8611254449145649e-01
1.1763343753765065e+00
-3.3343446400347703e+00
-1.3879981927574816e+00
2.7621525038429211e+00
2.4693698683842519e-01
2.5130620771417420e+00
-1.0345294535066520e+00
3.8923312837631302e-01
2.3825342467419336e-01
1.4103244586431167e+00
-9.7207286455674180e-01
-3.8568071847963076e-01
3.5935685120851840e-01
3.5237318416243851e-01
-7.3795703346427544e-01
1.3164561500233848e-01
4.9438497854153390e-01
5.0562289755724132e-01
-7.2615368878812880e-01
-6.7509091997548065e-01
1.2793187267884556e+00
-1.0698392652892192e+00
2.0944465491678990e-01
-2.3895112795102595e+00
-5.6680317560521087e-01
-2.3504238556371651e-01
-2.1309936658329933e+00
-1.2113915935525710e+00
-2.7500680420938579e+00
5.8280442375674102e-01
2.6291981878473886e-01
1.3807539698559219e+00
-1.7467658274165974e+00
1.5700731016320508e+00
-1.0000587883158394e+00
2.4026339281089845e-01
-9.1445839503020820e-02
-1.0745453247619150e+00
-1.2737754108804134e+00
9.6629583459521839e-01
-1.4881022426474841e-01
-3.1593663611836700e+00
-2.6503106908805520e+00
-1.6051388731403766e+00
1.1389836223758816e-02
-6.9799480418080273e-01
7.2268884906235079e-02
-1.5937583913160422e+00
1.3612705823133910e+00
1.1851796641569803e+00
4.1379548682967465e-01
3.2403553996910600e-01
5.5132484789669733e-01
-3.9416610398875140e-01
2.3277288357314583e+00
9.8671225745123736e-01
-1.4911003549568618e+00
3.1884974940983352e-01
8.7949333841897348e-01
-1.5085320697587563e+00
-1.5424489420755101e+00
2.0307508996331163e+00
-1.5392043592927804e+00
2.5091305947110891e+00
8.6722994093810801e-01
-2.2705357386373604e+00
-8.6605884658348967e-02
1.4088514574102158e+00
-2.3060883089295831e-01
9.9098225361351255e-01
1.6927797422946083e+00
-7.6798888179109270e-01
4.4611125570998833e-01
1.0183599044632239e+00
1.7566931547979905e+00
1.1128605286134305e+00
-1.8582800037463414e-02
-1.0890618178865427e-01
4.3587016644974969e-01
-2.9513523765941936e+00
-1.3455845794578758e-02
7.9015658911107223e-01
2.7816979597636685e-02
-6.3345622774286070e-01
-3.1947292493787394e-01
-2.6672661350259153e-01
-1.7874948487101170e+00
2.4270261050757730e-01
-6.4524155393839056e-01
5.7939939938921692e-01
7.5462723003010268e-01
-5.0208114047441021e-01
3.3067165779929819e-01
2.5990699740030765e+00
-6.0520022705055265e-01
2.5097665573849932e+00
-4.5158548159167039e-01
2.0030688751362611e+00
-9.2498683337098264e-01
1.6743111601943670e+00
-5.5602430049451168e-01
5.0734369019043535e-01
-1.4759123509316840e+00
-8.0316148701669798e-01
2.6099020885335900e-01
-3.0887930563572313e-01
-2.2782513709516828e-02
-2.5647735222919521e-01
3.6097051265937496e-01
3.4004309701049984e-01
-1.9078502183388517e+00
-6.0026833554670833e-01
-3.8751326459280083e-01
-1.0702770671514643e+00
1.2257917752964353e+00
4.7089934869305450e-01
3.2210185570598843e-01
2.7092508708863123e+00
2.7721306812996698e+00
-4.6862569629862844e-01
-8.3554909447352654e-01
1.1244375401252040e+00
-6.7515118418911679e-01
8.7073788183381118e-01
-2.2606145237008399e+00
-7.5610864856461046e-01
5.5819805178440107e-01
-1.0293933854319730e+00
2.7822596201805633e-01
-1.9098863574890479e+00
1.6063619582151889e+00
7.9032711747644491e-01
2.8723930046790329e+00
-1.0407392304286658e+00
4.5563393203706397e+00
9.4286950976474748e-01
-5.8510585053565511e-01
-1.0307953021871179e+00
1.8735633730413140e-01
-1.2716121584768005e+00
2.1991499108478113e-01
1.4371065627333439e+00
-6.1389292734224710e-01
2.0677075113805028e+00
5.3480974613027632e-01
-2.1902429541633324e+00
3.8476849262966373e-01
-1.6972861338092438e+00
-4.1070226760055267e-01
-1.6913083460978353e+00
1.8108567344574060e+00
-1.0337786169848360e+00
-6.6105153469576361e-01
1.5958569999463708e+00
-2.3034397015614111e-01
2.4925038972187422e-01
8.4304035170697922e-01
-3.3769163960401560e-01
-6.1377530872787278e-01
-3.9142982573758828e-01
-1.2575830757943984e+00
2.4441687575395274e+00
-2.4708142813281841e+00
3.1874414162439826e+00
2.8451186159696183e-02
1.7446409741372852e+00
-6.2548358658771230e-01
-3.9343255096877422e-01
5.9116473730813368e-01
3.6251468495614683e-02
-3.8132245818357097e-01
-2.1570405234047332e+00
-2.9976460452716602e-01
5.2303547006375384e-01
-1.5752681084795683e+00
-1.1766181456480440e-01
9.5532193868205662e-02
1.7469273700662304e+00
-2.4433538005509274e+00
-4.3004344712313564e-01
-9.8627780981165802e-01
3.0088872012113863e+00
7.8804586070442562e-01
-1.1203030771884304e+00
7.0111417593057479e-01
-8.6011142720600136e-04
-7.3841260292673960e-01
6.2730897149687836e-01
6.9688203497375401e-01
-2.4267858657163845e+00
7.8859960255425368e-02
1.1952133345635212e+00
2.5611773950125425e+00
1.0556782349302976e+00
-1.4970430644261921e+00
-1.5838725658750430e+00
2.4269637393459051e+00
-2.1241918616960356e+00
-3.7148792811171498e+00
1.0266698270625790e-01
4.4151222182246808e-01
-4.3537832669472498e-01
4.2220308059039297e-01
-1.0714102821118270e+00
-2.6915557952451086e-01
8.9365201636062597e-01
2.8024153046612708e+00
-1.6327265958275022e-02
1.8497729416135860e+00
-2.6820260001624434e+00
-2.6919045861051978e+00
-7.2649981494834293e-01
-3.7456215007659555e-01
2.6016377343347397e-01
-1.6405066864860109e+00
1.3138527976797809e+00
-2.6754847625099409e-01
-2.6423183552909095e+00
1.5603839602909326e+00
1.7851176327655445e+00
-1.8259473418896770e+00
-2.1508387365666376e-01
-5.5380340590772303e-01
1.4696592421529728e+00
1.8746067728043109e-01
4.7851950071541249e-01
5.2789876524612911e-01
2.8808056125320286e-01
-9.1528304041318309e-01
3.3591507039842594e-02
-2.6447256663073418e-02
4.4552271310905855e-01
-1.6062505734711219e+00
-8.8210515193134176e-01
1.5450805305388646e+00
-1.4610370798541332e+00
-1.2439891738035580e-01
-1.1390465978018038e+00
8.4821025950343065e-01
1.0116790969654017e+00
-1.8359915144772261e+00
-1.0975859746817305e+00
-1.7287619390289615e+00
8.4591371968831930e-01
1.8631318634119527e+00
-2.8956434829207089e-01
2.8159235340067270e+00
1.1940206065017878e+00
3.5921894975853441e-01
4.7353479636352230e-01
1.7625955675443994e+00
1.2916364648063701e+00
-5.5182950058434288e-01
-1.0617345372643976e+00
-4.4541389479576887e-01
6.0765714034579343e-01
9.3382556796133631e-01
-3.0444837748031018e-02
-1.3918744274972921e+00
-1.6293011827915593e+00
-5.5092776670838828e-01
-1.8392186341772081e+00
2.5572772980430181e-01
-1.3313793970769845e+00
1.9071618455777914e+00
1.7230486916533507e+00
-1.0802425535565119e+00
7.1562530166604396e-02
-7.6014174273029800e-01
1.3582004025263035e+00
-4.6805780730382940e-01
-1.1226334905239923e+00
-9.7180392637555280e-01
-5.5241946855924173e-01
-4.2205413318847484e-01
-4.4384552689491080e-01
-2.2164334383351298e+00
1.7572187755940066e-01
9.0228133263885602e-01
-3.0394009262246818e-01
-8.8374593695130765e-01
-4.2243028092134316e-01
5.0616851501601068e-01
-5.2927390855378686e-01
-1.4588987285966728e+00
-7.5658338875766507e-01
-2.3545056851878682e-01
7.6374107733730101e-01
7.0828717945594602e-02
1.4802609278739778e+00
8.7663039544384236e-01
6.7211120374441025e-01
-3.3406426794733846e-01
7.7135190854492086e-01
-1.1644894435094750e+00
1.4093210695252228e-01
-2.3992328783711763e+00
-4.0461821801942049e-01
6.8078267910522483e-01
-2.2588630820251526e-01
-3.8056051053210527e-01
-5.1416847551677047e-01
-1.2209629551009118e+00
-5.2358290226457238e-01
1.4718787108814418e-01
2.6246184518111004e-01
9.8913833882952307e-01
-9.2639851168360399e-01
5.1807291563768865e-01
-1.4424350725820539e-01
-1.6278531252743962e+00
5.6613943715074788e-01
-4.5397699943753700e-01
-1.3003708951444157e-01
-1.2331955406780963e+00
-5.5233961896761934e-02
-1.9976491795760135e-01
-6.2214270864899579e-01
8.8491681246652842e-01
6.6786719088425583e-01
-1.1072028859381478e+00
1.1856008363892316e+00
-1.3044819641594250e+00
8.4939884320076942e-01
-8.7453643264655478e-01
-2.0469379305597277e-01
-2.3023333865035274e+00
-2.1080134051915373e+00
-8.9053776804178353e-01
1.7291062666288535e+00
-2.0460851067143850e+00
-3.9775605165347533e-01
-1.3517904767696343e+00
2.6114572678630652e+00
3.7325841427793743e-01
1.7667022037616136e+00
-6.6162109940642333e-01
5.8889584082519408e-01
-1.4947194681985132e-01
-8.8333609095903087e-01
-1.2604270040217360e+00
-2.1691978917304420e+00
-5.1043980880680162e-01
1.2614521707814437e+00
-3.7319171066261753e-01
1.2511048989359949e-01
1.9571758348168768e+00
1.6872417137051248e+00
6.4702255715764045e-01
1.8806039169319655e+00
-1.3974864379358649e+00
8.4331940814899242e-01
-1.5561346754243146e+00
-8.8887126664405158e-01
2.9297647316637971e+00
8.0125880754838663e-01
1.2771688104447825e+00
-1.3934281723081821e-01
1.1008300748193654e-01
-3.5824305646411396e+00
-4.6489534923375814e-01
2.7478587724682491e-01
-1.1761692943210968e+00
6.9454540412027033e-01
-8.3121695865175971e-01
8.1304801413039940e-01
3.4875480165932210e-01
1.5397471642741030e+00
3.8166902854662177e-01
1.1194168359472895e-01
9.4823819453747416e-01
1.2689155914777388e+00
-3.4839921683072667e-01
-6.3165533785266559e-01
7.0475233846087659e-01
-2.4946402958346399e+00
8.8949366292851928e-01
1.6603601655979286e-01
1.0194680824407389e+00
-2.7687470869627091e-02
8.8839844195790596e-01
-2.2120261327088699e+00
9.9575175210597899e-01
1.3417618764636390e+00
5.4980089561211809e-01
9.8119273219177772e-01
5.8774036666433438e-01
6.4584786617672263e-01
-1.4861391276873177e+00
4.1307897530453386e-02
-1.1765747887247557e+00
3.1846975231979424e-01
-8.9346648347283664e-01
1.9683348416573976e+00
-4.4976395347282666e-01
9.8030164205659398e-01
-1.2573680700903214e+00
3.2123296407127411e+00
4.4564641679070732e-01
6.7978052355565588e-01
-4.0146477854688056e-01
8.9864149232050627e-01
1.6115264367524604e+00
3.5063781930040483e-01
-3.0702137351723828e+00
