Нормальное с масштабом 1.0000 со сдвигом 0.0000
0 200
3.7226463299369805e-01
1.2078248927562709e+00
-7.0243585271433195e-01
-8.8007050892652017e-01
-6.9199829520969991e-01
4.8647624939440176e-01
-5.3367935826715462e-01
-4.3455619767062631e-01
1.8342242977482842e-01
4.6345508912291578e-01
4.7735591012614620e-01
-8.9416005866140125e-01
-1.2595695021547827e-02
9.9081659033517011e-01
-1.2917338166317058e+00
8.1337073928933934e-01
-1.8469210033973038e-03
1.3044500576249637e-01
-5.6608508819436254e-01
1.5291048372498273e-01
-1.2748984526666320e+00
-3.5004028962174377e-01
-5.4852809405004344e-01
1.0492817823366876e+00
1.2477300624368575e+00
4.9020288673907003e-01
1.7356518691513534e+00
9.5126473842313486e-01
-2.0319915955940404e+00
-1.2692993929323004e+00
-6.6616698065058455e-01
2.9624259688781473e-02
6.9414417978615972e-01
1.6874737754120109e-01
6.3309113229795466e-01
4.8945579427238378e-01
-5.4070223528494754e-01
1.3475789384347510e+00
1.9502109668884493e-01
1.5702586222749828e+00
-6.1591106756099578e-01
-8.1285895653582529e-01
-4.2791570809968721e-01
-1.1952923739491268e+00
2.7268493384006103e-02
2.2417180479999868e+00
8.2137628524142448e-01
2.9912644524246629e-01
2.2588072406905935e-01
3.0056004761472094e-01
3.7320906858859748e-01
7.1391370245261476e-01
-9.2617597082057135e-01
6.8827595597758573e-01
-1.3717565160038495e-01
-2.4559031967090892e+00
1.6995984293115878e+00
-4.7539326238198515e-01
-1.8438279429666435e+00
-6.7267390143299034e-03
6.7809204403822632e-01
-9.0526968724866852e-01
-4.2716143426531344e-01
-2.0145703042077847e+00
2.0345072892141122e-01
6.3571306965689101e-01
9.3792107823802717e-01
2.6639311994010584e-01
3.0263532815550240e+00
2.0257361891934264e-01
8.3354935108948214e-01
1.1078044976627277e+00
3.9734044882722275e-01
1.6894075203583072e+00
-1.0874433021343748e+00
-6.8976211016706912e-01
-5.0765560018114375e-01
-9.2690408813871183e-01
-1.9634033545536629e+00
-2.0179835770803223e+00
-1.0312945876853850e+00
-5.1823180663228885e-01
4.6816403107242882e-01
-8.5402285863438532e-01
7.3231013039390691e-01
-6.9568868007975060e-01
6.0469350355494766e-01
-5.1978647932962574e-01
1.4100395130086003e+00
-2.2560716001427408e+00
4.2020562089482744e-01
4.7482821571653434e-02
-4.0138340351688961e-01
-5.3332779059775889e-02
-2.6966339615741886e-01
1.9336357510460649e+00
-4.8258824731530708e-01
3.4142687795499899e-01
1.4661804409035688e+00
9.6703048669353309e-01
4.8394402289099869e-01
1.5701723605835998e+00
-9.1316660852863074e-01
-1.1440916616040397e+00
-8.9959778377260813e-01
6.3241912421230861e-01
-6.9378316574711130e-01
-5.6492305697111211e-01
2.3844915862518312e-01
6.0249161585924460e-01
6.2056268316352425e-01
-1.1624080762638993e+00
-1.6374403528012709e-02
1.2880615674358142e+00
-1.6792539611443253e+00
1.0573819611512145e+00
-2.4009969974011156e-03
1.6957850740963498e-01
-7.3591061465257812e-01
1.9878362875364489e-01
-1.6573679884666292e+00
-4.5505237650753622e-01
-7.1308652226491664e-01
1.3640663170376961e+00
1.6220490811763317e+00
6.3726375276039782e-01
2.2563474298953556e+00
1.2366441599507596e+00
-2.6415890742722530e+00
-1.6500892108119920e+00
-8.6601707484575630e-01
3.8511537595432001e-02
9.0238743372200636e-01
2.1937159071610110e-01
8.2301847198732814e-01
6.3629253255370177e-01
-7.0291290587026745e-01
1.7518526203528357e+00
2.5352742561980657e-01
2.0413362089908444e+00
-8.0068438782927109e-01
-1.0567166435726161e+00
-5.5629042072584700e-01
-1.5538800861373572e+00
3.5449041399220393e-02
2.9142334623999826e+00
1.0677891708750329e+00
3.8886437881481922e-01
2.9364494123613760e-01
3.9072806189873899e-01
4.8517178916436615e-01
9.2808781318839884e-01
-1.2040287620687189e+00
8.9475874277086054e-01
-1.7832834699556971e-01
-3.1926741557529366e+00
2.2094779580834958e+00
-6.1801124109610395e-01
-2.3969763247399052e+00
-8.7447607186287371e-03
8.8151965724969161e-01
-1.1768505934270983e+00
-5.5530986474586141e-01
-2.6189413954701219e+00
2.6448594752766080e-01
8.2642699055394664e-01
1.2192974017106608e+00
3.4631105592196976e-01
3.9342592734250257e+00
2.6334570452437073e-01
1.0836141561133441e+00
1.4401458469615462e+00
5.1654258347457038e-01
2.1962297764229302e+00
-1.4136762927746869e+00
-8.9669074321718845e-01
-6.5995228023518493e-01
-1.2049753145822466e+00
-2.5524243609130766e+00
-2.6233786502044198e+00
-1.3406829639856745e+00
-6.7370134862172304e-01
6.0861324039363873e-01
-1.1102297161557202e+00
9.5200316992196765e-01
-9.0439528410367442e-01
7.8610155462139908e-01
-6.7572242312826758e-01
1.8330513669056638e+00
-2.9328930801855644e+00
5.4626730741174012e-01
6.1727668037262866e-02
-5.2179842457114300e-01
-6.9332612768245733e-02
-3.5056241500445784e-01
2.5137264763611888e+00
-6.2736472150946354e-01
4.4385494134081360e-01
1.9060345731743886e+00
1.2571396325697093e+00
