Нормальное с масштабом 1.0000 со сдвигом 0.0000
0 400
-5.5249680696012082e-01
7.2715238932828064e-01
6.0423352564147448e-01
3.0137981932484168e+00
4.1446798021738485e-01
2.3657704949018772e+00
1.5394556451140318e+00
-8.3428239143099892e-01
1.0152580251911496e+00
1.6819892370441374e+00
-9.5064741339024772e-01
-3.0452966423635253e-01
6.6548193863984884e-01
-7.2938918527398244e-01
2.9805291293663838e-01
2.0440216966093923e+00
-1.7259197077993167e+00
-3.7989677981735070e-01
1.2904924716430279e+00
-1.1972918576136522e+00
-3.8299386715052286e-01
1.0040740281183091e+00
-5.4011844857150426e-01
5.7439860388223352e-01
-1.8745443164035729e+00
4.8793591492998761e-01
-6.4774379526104131e-01
2.1914605556165223e-01
1.2975657640826914e+00
2.4337993004483480e-01
5.4513272706725822e-03
5.4757591929732474e-01
-1.5998003465695625e+00
-5.1455585425570038e-01
-4.5268265636492783e-01
1.2984752163826399e-01
-2.6306772835070008e-01
6.7047843327688073e-01
6.5189264917094325e-01
5.8323288699655496e-01
1.0654189748249696e+00
1.7406294358217704e+00
8.5403065639682987e-02
6.5975079408030690e-01
1.2746399570268983e+00
2.9058281490658553e+00
-8.3588558536160584e-01
-1.4457420856396628e+00
3.2864531088072593e-02
-1.0739822294874961e+00
-1.9949040761409723e-01
7.2866768336300858e-01
1.6117077101810795e+00
-1.1115745352965090e+00
-1.3313098516462296e+00
4.0767460448648868e-01
1.0299018073383568e+00
-6.0299989470280646e-01
-4.0049524451291807e-01
-8.3911412706339705e-01
-2.0271691470200630e+00
-1.2721684803123037e+00
4.3001021875077022e-01
2.0098428641956025e+00
6.2948935573002385e-01
1.1999427454687289e-01
1.9832862240178257e+00
-8.3033032050237632e-01
-4.2709294083754590e-01
1.1469739171256312e+00
-9.2827918441143221e-03
-2.5180795976713499e+00
-1.4659501309025100e+00
4.0466226152159612e-01
2.0158531543274303e+00
1.0076905218218188e+00
-1.2897467743838906e+00
2.3507186296170493e-01
-2.6790256777199595e-01
-1.5165914656617943e+00
-1.7382412826514447e-02
-1.8586134318662937e+00
-7.0539183719710785e-01
1.1920028363911861e-01
-7.1643601301813364e-01
-9.0483769846949613e-01
1.4143782876634974e+00
2.2580580543435729e+00
1.5499590857548280e+00
-2.4860902972896332e-01
1.2447961584069980e-01
9.2636585761108048e-01
4.9613094070846020e-01
6.3096281447458102e-01
-7.2786636064233401e-01
1.5091843923341610e+00
6.3507634787256628e-01
2.7361137907532182e-02
-8.6936336017006033e-01
4.7037457897203275e-02
-3.3159723464230878e-01
-7.4817249488259996e-01
-9.2894158007271965e-02
-1.7253166050421875e-03
2.1642949260202444e+00
-1.7859919161942857e+00
-1.0720403485549705e+00
9.4060990158060909e-01
-7.0859940257441945e-01
-1.8337648758059395e+00
-3.0267461351581697e-02
3.1377607918642647e-01
-6.9832966693371623e-01
4.2356086472479521e-01
-6.7850497600247583e-01
1.3476067470295336e+00
-8.0613918855443778e-01
5.4047022787052745e-01
7.2483882964878829e-02
5.1652721987177674e-01
2.4110424359116600e-01
4.1207413108614699e-01
-2.4122714080814761e-01
-1.5997570328969295e+00
-7.5512596041655122e-01
8.5174960963167956e-01
1.3206238115550790e+00
3.3724182847717082e-01
-1.2174969138799960e+00
-5.8572030517664864e-01
-6.9382763940151859e-01
1.3532523628963813e+00
1.3410262438356024e+00
2.5948874442433573e-01
-8.9797441390290333e-01
3.2606255334495925e-02
1.7671237846799207e-01
-4.1168208099758430e-01
-9.9965836304239186e-01
8.1929750933079873e-02
4.8301372945979282e-01
-3.0212271616818653e-01
1.1742062982789066e-01
-4.1024419386605421e-01
-6.7935408112007323e-01
-1.2163024199256105e+00
-6.4834982934843599e-01
-5.1466803316648613e-01
-3.5109068927052439e-01
1.6623314262870643e+00
2.0727729997824818e+00
1.7317316771329334e+00
-7.2384141309062872e-02
-5.7913497815580209e-02
-2.0885726372810880e+00
5.1433426173825358e-01
-8.0435457415076395e-01
-7.5421724680767872e-03
-4.4479946372123863e-01
-3.7105172635662348e-01
-2.1426966934636338e-01
6.0573035445520118e-01
-1.0191281370922209e+00
1.6879580952655310e-01
-4.4619157586086466e-01
9.4328009011451197e-01
-9.1958887300907477e-01
3.6343311481433854e-01
9.2092606060537252e-01
-1.2378357731011858e-01
-2.1810315282476203e+00
1.0637667267578583e+00
7.6038263526686001e-01
-2.8000189474210058e-01
-8.1918152231318608e-01
-8.2156586202700421e-01
-1.7143547992793271e+00
-7.4320540836755267e-01
1.4835580337659284e+00
5.0654644976100871e-01
1.2786713372439307e+00
-5.9814561501796293e-01
-2.6817013559270492e-01
-3.2403773418585030e-01
1.1736558473180823e+00
2.0466479841053351e-02
-1.3483580950281033e+00
4.1678743438136273e-01
7.1983990134749998e-01
7.9275231524880074e-01
-8.0610041028052237e-01
1.1849817967137386e+00
-9.1301302682718521e-01
-1.1012116446311299e-01
3.7136123994909703e-01
-9.7550620729403126e-01
-5.5290176758612933e-02
7.9542932509142805e-01
-8.5025569503595133e-01
-9.9356746555344277e-01
-7.1824584904802913e-01
9.4529810612676446e-01
7.8550358333388315e-01
3.9179376553073597e+00
5.3880837457626973e-01
3.0755016433726303e+00
2.0012923386545798e+00
-1.0845671085710165e+00
1.3198354327478881e+00
2.1865860080881174e+00
-1.2358416374080252e+00
-3.9588856350683038e-01
8.6512652023179992e-01
-9.4820594085617671e-01
3.8746878681725044e-01
2.6572282055922072e+00
-2.2436956201360223e+00
-4.9386581376173516e-01
1.6776402126414325e+00
-1.5564794149003520e+00
-4.9789202729485665e-01
1.3052962365537544e+00
-7.0215398314278887e-01
7.4671818504682685e-01
-2.4369076113711623e+00
6.3431668940857788e-01
-8.4206693383934605e-01
2.8488987217140116e-01
1.6868354929069902e+00
3.1639390905821818e-01
7.0867254518744921e-03
7.1184869508637982e-01
-2.0797404506819457e+00
-6.6892261053214108e-01
-5.8848745327379870e-01
1.6880177804847465e-01
-3.4198804685576001e-01
8.7162196325994179e-01
8.4746044392222009e-01
7.5820275309546115e-01
1.3850446672724614e+00
2.2628182665673786e+00
1.1102398529144478e-01
8.5767603230439393e-01
1.6570319441349750e+00
3.7775765741164551e+00
-1.0866512607090064e+00
-1.8794647113306413e+00
4.2723890414515985e-02
-1.3961768983337446e+00
-2.5933752982548602e-01
9.4726798837191062e-01
2.0952200234798828e+00
-1.4450468958854619e+00
-1.7307028071103336e+00
5.2997698583163477e-01
1.3388723495353518e+00
-7.8389986311361415e-01
-5.2064381786597869e-01
-1.0908483649713447e+00
-2.6353198911260813e+00
-1.6538190244059974e+00
5.5901328471677547e-01
2.6127957234542851e+00
8.1833616244901608e-01
1.5599255683633431e-01
2.5782720910572223e+00
-1.0794294162834805e+00
-5.5522082329019451e-01
1.4910660927591581e+00
-1.2067629397348690e-02
-3.2735034757362893e+00
-1.9057351701730048e+00
5.2606093997726788e-01
2.6206091006256615e+00
1.3099976783682199e+00
-1.6766708061937285e+00
3.0559342185017307e-01
-3.4827333810341810e-01
-1.9715689053619583e+00
-2.2597136674471420e-02
-2.4161974613239532e+00
-9.1700938835623957e-01
1.5496036865687202e-01
-9.3136681692357370e-01
-1.1762890080142068e+00
1.8386917739580531e+00
2.9354754706466450e+00
2.0149468114926661e+00
-3.2319173864756706e-01
1.6182350051503658e-01
1.2042756148963660e+00
6.4497022292063688e-01
8.2025165881694095e-01
-9.4622626883503369e-01
1.9619397100354190e+00
8.2559925223432440e-01
3.5569479279804833e-02
-1.1301723682073983e+00
6.1148695260715417e-02
-4.3107640503437744e-01
-9.7262424365682576e-01
-1.2076240536103974e-01
-2.2429113042036191e-03
2.8135834037572067e+00
-2.3217894910525616e+00
-1.3936524531214625e+00
1.2227928720558843e+00
-9.2117922334674518e-01
-2.3838943392678900e+00
-3.9347699757073459e-02
4.0790890294185661e-01
-9.0782856701383030e-01
5.5062912436682365e-01
-8.8205646880321598e-01
1.7518887715272045e+00
-1.0479809452105395e+00
7.0261129623152030e-01
9.4229047828205528e-02
6.7148538583304951e-01
3.1343551666845615e-01
5.3569637072623488e-01
-3.1359528305053175e-01
-2.0796841429072330e+00
-9.8166374881301921e-01
1.1072744924378728e+00
1.7168109548610695e+00
4.3841437701966213e-01
-1.5827459880440515e+00
-7.6143639672958607e-01
-9.0197593122197250e-01
1.7592280724373703e+00
1.7433341171537604e+00
3.3733536775150413e-01
-1.1673667380779502e+00
4.2388131934865972e-02
2.2972609192341040e-01
-5.3518670561457249e-01
-1.2995558719551306e+00
1.0650867617668662e-01
6.2791784829729713e-01
-3.9275953101823258e-01
1.5264681870370281e-01
-5.3331745235655026e-01
-8.8316030545609325e-01
-1.5811931459033690e+00
-8.4285477815295951e-01
-6.6906844311616376e-01
-4.5641789605094585e-01
2.1610308539439642e+00
2.6946049007793187e+00
2.2512511802708723e+00
-9.4099383675746967e-02
-7.5287547147434505e-02
-2.7151444288356843e+00
6.6863454025945956e-01
-1.0456609464897317e+00
-9.8048242084998322e-03
-5.7823930283696023e-01
-4.8236724426280447e-01
-2.7855057008787204e-01
7.8744946079172962e-01
-1.3248665782187932e+00
2.1943455229707065e-01
-5.8004904861848128e-01
1.2262641171498392e+00
-1.1954655349143231e+00
4.7246304925785498e-01
1.1972038787893919e+00
-1.6091865042576350e-01
-2.8353409865251828e+00
1.3828967447852167e+00
9.8849742609209490e-01
-3.6400246316447965e-01
-1.0649359790718997e+00
-1.0680356206959865e+00
-2.2286612390556324e+00
-9.6616703121660796e-01
1.9286254438957815e+00
6.5851038468900402e-01
1.6622727377272832e+00
-7.7758929952331191e-01
-3.4862117627033823e-01
-4.2124905444103294e-01
1.5257526015614438e+00
2.6606423793374169e-02
-1.7528655239572548e+00
5.4182366497048207e-01
9.3579187175174938e-01
1.0305780099465984e+00
-1.0479305334545346e+00
1.5404763357414604e+00
-1.1869169348784809e+00
-1.4315751373589761e-01
4.8276961193301943e-01
-1.2681580694824572e+00
-7.1877229775356474e-02
1.0340581227346417e+00
-1.1053324034528247e+00
-1.2916377052195507e+00
