Нормальное с масштабом 1.0000 со сдвигом 0.0000
0 600
1.5177075935998201e+00
3.7568567002047937e-01
-7.9568384800618608e-01
8.7058442774832379e-01
-1.4255482735465830e+00
-5.3790251619916984e-01
2.0067899077293277e-01
-1.4597487079478695e+00
-1.1888444493265531e+00
-7.4231526454647601e-01
4.0793075312587623e-01
1.8938961115221090e-01
3.1875293416195669e+00
3.2299689758521127e-01
-1.0979528037078885e+00
-9.6588301594448589e-01
2.1495467744716218e-01
-1.0273441565802537e+00
4.3760406619779542e-02
4.4109323801157296e-01
2.5477541458640829e-01
-4.6350047594825933e-01
-5.3174683077935581e-01
2.0528719759652744e-01
-9.6640651169349856e-01
4.8567144793502115e-01
1.4707446434294080e-01
-4.0103079383045298e-01
7.8743426862594756e-01
-1.3400056214909835e+00
6.7984066018016409e-01
1.3058618607858472e+00
-3.7605291401541935e-01
-1.7523002500967666e+00
1.3665342860573471e+00
-2.1323340489362957e-01
-4.6574353351631912e-03
2.1815049929837671e-01
1.3298599422576820e+00
-3.9079869895401282e-03
-1.3998222469370794e-01
5.5368267119241266e-01
6.2405052645923664e-01
-3.1969486590918328e-01
-5.6309210049252389e-01
-2.3727973129389643e+00
2.7654501784259877e-01
7.6957544493937186e-02
-1.5892374179699134e-01
4.2534017905505322e-01
-8.5463880207625953e-01
7.4358201463288809e-01
5.7040114059612990e-01
2.9985362089503319e-02
6.3608994129611163e-01
-4.9737911477466040e-01
6.4812250753059220e-01
-7.4130122050328195e-01
4.0208068225854549e-01
1.3052070897014405e+00
-5.4900274009884964e-01
-2.0404653686623440e+00
2.9079414782108515e+00
1.5029756020188536e+00
1.2284589816108828e+00
-3.6382580821350691e-01
-1.1416151244435269e+00
8.4634656670232200e-01
4.4143030997685462e-01
-9.6073881255593685e-01
-8.6012163536284059e-01
-1.0547370833237768e+00
-2.9532161546045859e-02
-3.5887341266281680e-01
9.0687744518585622e-01
-1.4786401607153715e-01
1.2334237625547808e+00
-2.3714644173696509e+00
7.1914644968679742e-01
-1.2395368464140739e+00
9.7383269676685780e-01
7.0930916705938252e-01
8.4305110452723209e-01
1.2721335093550326e+00
5.4090019914004839e-01
-1.1638644751195799e+00
-1.1980926698405474e+00
4.5223945767052398e-01
1.7291924561821463e+00
8.1209050615693135e-01
-1.6052926466081480e-01
-1.1416088155948063e+00
-1.7974886963353898e+00
2.4677522218917884e+00
-1.4539088780011931e+00
1.2553674306055815e+00
-9.9475665926047019e-01
-2.8396284231541213e-01
-1.1064738442640640e-01
-8.2642676374295376e-01
-7.1320002371552160e-01
1.2219895352839889e+00
3.6499654349319982e-02
5.9635464821530912e-02
-5.9220742720264885e-01
-1.6670221360082571e-01
1.2213298877157650e+00
-1.3573907026737524e+00
5.1045341913427911e-01
7.8557142672910740e-01
-9.4605077118337144e-01
3.3578110045278520e-01
-1.6908051329503773e+00
9.7359110820066055e-02
-6.2370998265165534e-01
-7.7255374130793286e-01
1.0499461665825137e-01
4.0803164005922671e-01
-3.4884540066389480e-01
-6.9995699117576582e-01
-8.1945857905565167e-01
8.0676598784547204e-01
4.1709695947750802e-01
-3.1701453933787355e-01
-3.2021409275589219e-01
-2.6563134043533726e-01
-7.6178532585799619e-01
7.8758822876053769e-01
5.3386077696527168e-01
1.4488439032496288e+00
-2.0462043156080405e+00
-1.2892144279410582e+00
4.5313948115285901e-01
8.0448838332253192e-01
-1.6761932706618177e+00
-9.9384942526485276e-01
-2.9865125838386702e-01
-7.2648481118754915e-01
-1.0714617045087975e+00
5.7510909924083933e-02
-7.6481142280010905e-01
-1.8085262832576612e-01
-2.5026069632058923e-01
-9.2287657572375681e-01
-1.2518366984924820e+00
2.9564015863251064e-01
-1.7696502022106646e+00
6.9672446067343397e-01
-3.3504452589044736e-01
3.1150224542995131e-01
1.3571152960052282e+00
-2.1938489491492676e+00
3.2735847237942518e-02
1.2900815584660468e+00
-2.8828984947335673e-01
9.8178901751454217e-01
7.9727374757023650e-01
5.3612151501956662e-01
-8.0680589245540912e-01
-3.4895284905722086e-02
-5.5270991119319046e-01
-4.9703332943238848e-01
-1.5866135562804053e+00
5.3201720002880495e-02
-5.6415175494505851e-02
-8.9269874857008524e-01
-8.0050427015275316e-01
-5.0723916604892028e-01
-1.0710783961463068e+00
2.6474172137214713e-01
1.5928079288132622e+00
-2.4743004102073876e-01
-4.1283417563502056e-01
-1.0942456228166784e+00
8.7088969795425175e-01
1.8672252287125632e+00
-6.0797332165175644e-01
2.2778096160265999e+00
-1.5686168424167612e+00
2.4512920057811075e-01
-2.3810013102960242e-01
-8.0144729965475026e-01
-1.1706351304355465e+00
4.8241839126854530e-01
-1.0631701869341417e+00
-6.8974260627000317e-01
1.0043865302834225e+00
-5.0194580215354478e-01
-9.5999361823727059e-01
1.8027159414410334e+00
-8.9171816253474548e-02
-3.1588847006179221e-01
7.2742949182331396e-01
5.7364875699436146e-01
-1.5253796860198290e+00
-7.6798965677980624e-01
9.0140589155153841e-02
-7.2600080795520849e-01
1.2151402378887179e+00
3.4068688803610958e-01
-7.2200467333803342e-01
-2.2076165475216989e+00
9.6956788844514175e-01
1.7938944138633606e+00
-1.2979001373506907e+00
7.7535185826339192e-01
-9.5074038034036773e-02
-1.1736893838567584e+00
-1.3904458213535922e+00
-6.8832918756464900e-01
1.5946527065900201e-01
1.9662545803378728e+00
3.6583775379751193e-01
-5.3973688828457500e-01
8.8345611171981897e-01
1.9629523321711282e+00
4.9444737089278418e-01
-2.7693772606130451e-01
1.1890201518251866e+00
5.0217270056354429e-02
-6.3504399453452409e-01
-1.1067752210840793e+00
-5.9450001975038558e-01
7.2661698074364933e-01
5.0609276825678307e-01
-5.1051459374782704e-01
2.1733658552692281e-01
-2.0922110240274555e-01
-4.3045566448293843e-01
2.3794249782821758e-01
-8.6142369284560516e-01
6.6797086418611329e-01
-7.4666595210005515e-01
-2.5341454313139140e+00
3.7004159655581868e-02
-2.8986547455729250e-01
3.4069851446468091e-01
2.8870648738090258e-02
-1.6997772827692472e+00
-1.3939677524620766e+00
-6.3552975398262559e-02
-4.4537830639001164e-01
-1.1345565666461246e+00
2.3388141437372862e+00
-5.6670331684517106e-01
-8.4873497426551459e-01
2.0639831035656941e+00
-6.3614864978923236e-01
1.3608185211220956e+00
1.5129819668778237e+00
-2.2071047630512379e+00
5.0768837373625397e-01
-8.0869165048544925e-02
-9.5350299997911836e-01
4.0814524019057880e-01
1.5130692833112924e+00
-3.4433287433696519e-01
-1.0037909112057590e+00
1.0451055234654296e+00
-1.3671045648909634e+00
-9.2482611501154466e-01
-4.2891068236368673e-01
1.4151031471812687e+00
-4.4831630549154916e-01
1.7182194239135136e+00
-2.2667607058108069e-01
-2.8290927814779798e-01
-4.7297773589257902e-01
2.1412254394615690e-01
-8.3154978511133693e-01
2.7237530330086951e-01
5.0795041448939882e-01
3.1243991374703806e-01
-5.6222842176131238e-01
-2.4132472118076556e-01
-7.6290775824632984e-01
-4.1203726668795293e-01
5.5434895632263981e-01
-7.7786045238213408e-01
-1.2773818923248896e+00
7.7450649178897679e-01
-3.6571380050389257e-01
-3.6828980042629092e-02
6.0364975214880878e-01
2.0463406684833635e-01
-5.7129000952730469e-01
-1.1428983512787932e-01
-1.8255767048361864e+00
1.1429001585304481e+00
4.8785176437180411e-01
-2.8943478029457109e-01
2.6390788779227531e-01
1.8816379225158082e+00
-1.4381804668865589e-01
-1.6896833361240604e+00
-1.8302232971850857e-01
4.3261228849721739e-01
-1.7525472928592021e+00
-6.6285365043673605e-02
2.8682452621490184e-01
1.9730198716815077e+00
4.8839137102580837e-01
-1.0343890025231455e+00
1.1317597560613661e+00
-1.8532127556079425e+00
-6.9927327105874670e-01
2.6088268793275970e-01
-1.8976733203318272e+00
-1.5454977841329198e+00
-9.6500984425466807e-01
5.3030997941599733e-01
2.4620649441887432e-01
4.1437881441189317e+00
4.1989596686020947e-01
-1.4273386448202554e+00
-1.2556479206764675e+00
2.7944108061941986e-01
-1.3355474035510324e+00
5.6888528601659452e-02
5.7342120941437524e-01
3.3120803896222029e-01
-6.0255061873219151e-01
-6.9127088001296588e-01
2.6687335680658625e-01
-1.2563284651203281e+00
6.3137288231510913e-01
1.9119680355780452e-01
-5.2134003197877510e-01
1.0236645493526475e+00
-1.7420073080791370e+00
8.8379285823421139e-01
1.6976204187146284e+00
-4.8886878821922963e-01
-2.2779903251254687e+00
1.7764945718382612e+00
-2.7720342629855016e-01
-6.0546659357120598e-03
2.8359564902839257e-01
1.7288179248839715e+00
-5.0803830864022603e-03
-1.8197689201579495e-01
7.1978747255001163e-01
8.1126568439698954e-01
-4.1560332568139702e-01
-7.3201973064018044e-01
-3.0846365068203321e+00
3.5950852319515009e-01
1.0004480809121095e-01
-2.0660086424717961e-01
5.5294223298422862e-01
-1.1110304426336912e+00
9.6665661935925229e-01
7.4152148277488450e-01
3.8980970716370807e-02
8.2691692368493319e-01
-6.4659284920670401e-01
8.4255925978976209e-01
-9.6369158700481039e-01
5.2270488693529693e-01
1.6967692162980332e+00
-7.1370356212836650e-01
-2.6526049792610471e+00
3.7803239003237517e+00
1.9538682826251688e+00
1.5969966760941501e+00
-4.7297355067677244e-01
-1.4840996617765854e+00
1.1002505365863104e+00
5.7385940296924320e-01
-1.2489604563231020e+00
-1.1181581259320577e+00
-1.3711582083209113e+00
-3.8391810009875786e-02
-4.6653543646089279e-01
1.1789406787453132e+00
-1.9222322080482609e-01
1.6034508913212144e+00
-3.0829037425803105e+00
9.3489038459283647e-01
-1.6113979003382961e+00
1.2659825057971503e+00
9.2210191717719669e-01
1.0959664357245040e+00
1.6537735621615459e+00
7.0317025888189943e-01
-1.5130238177785766e+00
-1.5575204707950192e+00
5.8791129497107153e-01
2.2479501930344057e+00
1.0557176580815306e+00
-2.0868804397025670e-01
-1.4840914602732489e+00
-2.3367353052360009e+00
3.2080778883512591e+00
-1.8900815414009704e+00
1.6319776600513749e+00
-1.2931836570386772e+00
-3.6915169500975814e-01
-1.4384159968768964e-01
-1.0743547929194142e+00
-9.2716003083017706e-01
1.5885863958692030e+00
4.7449550652619819e-02
7.7526104253791847e-02
-7.6986965536339602e-01
-2.1671287759315822e-01
1.5877288540305152e+00
-1.7646079134239285e+00
6.6358944487427429e-01
1.0212428548926391e+00
-1.2298660025392452e+00
4.3651543058796977e-01
-2.1980466727964001e+00
1.2656684401282886e-01
-8.1082297744713450e-01
-1.0043198638919157e+00
1.3649300159453945e-01
5.3044113242838564e-01
-4.5349902086233818e-01
-9.0994408852849473e-01
-1.0652961528366440e+00
1.0487957842875237e+00
5.4222604759301196e-01
-4.1211890113871402e-01
-4.1627832058211489e-01
-3.4532074256577455e-01
-9.9032092385387960e-01
1.0238646975271370e+00
6.9401901005466438e-01
1.8834970742237414e+00
-2.6600656102904510e+00
-1.6759787558102055e+00
5.8908132549811221e-01
1.0458348984127277e+00
-2.1790512517607104e+00
-1.2920042528443814e+00
-3.8824663589864333e-01
-9.4443025454381380e-01
-1.3929002158614372e+00
7.4764182888802974e-02
-9.9425484986465928e-01
-2.3510841674021776e-01
-3.2533890521667436e-01
-1.1997395484431250e+00
-1.6273877080438428e+00
3.8433220622190217e-01
-2.3005452628738032e+00
9.0574179887546313e-01
-4.3555788365693499e-01
4.0495291905845593e-01
1.7642498847542913e+00
-2.8520036334798693e+00
4.2556601409346882e-02
1.6771060255054155e+00
-3.7477680431505572e-01
1.2763257227690612e+00
1.0364558719522241e+00
6.9695796952525579e-01
-1.0488476602803560e+00
-4.5363870376329093e-02
-7.1852288455102042e-01
-6.4614332826174881e-01
-2.0625976232399972e+00
6.9162235994370783e-02
-7.3339728131186666e-02
-1.1605083731450714e+00
-1.0406555513013669e+00
-6.5941091586329237e-01
-1.3924019149902003e+00
3.4416423778363248e-01
2.0706503075589540e+00
-3.2165905332687950e-01
-5.3668442863312538e-01
-1.4225193096616813e+00
1.1321566073295943e+00
2.4273927973511635e+00
-7.9036531814725330e-01
2.9611525025763901e+00
-2.0392018951724609e+00
3.1866796075147108e-01
-3.0953017033843205e-01
-1.0418814896516839e+00
-1.5218256696311574e+00
6.2714390864867220e-01
-1.3821212430143854e+00
-8.9666538815100261e-01
1.3057024893683951e+00
-6.5252954279927755e-01
-1.2479917037080888e+00
2.3435307238733434e+00
-1.1592336108520361e-01
-4.1065501107981672e-01
9.4565833937030819e-01
7.4574338409259244e-01
-1.9829935918285635e+00
-9.9838655402427079e-01
1.1718276585631628e-01
-9.4380105034177053e-01
1.5796823092554331e+00
4.4289295444626181e-01
-9.3860607533944285e-01
-2.8699015108948456e+00
1.2604382549789739e+00
2.3320627380223673e+00
-1.6872701781594748e+00
1.0079574159230777e+00
-1.2359624939345583e-01
-1.5257961990615587e+00
-1.8075795677462994e+00
-8.9482794383404185e-01
2.0730485176782368e-01
2.5561309544276001e+00
4.7558907993597299e-01
-7.0165795476977966e-01
1.1484929452373054e+00
2.5518380318163723e+00
6.4278158216024972e-01
-3.6001904387946460e-01
1.5457261973809560e+00
6.5282451065805935e-02
-8.2555719289486895e-01
-1.4388077874093033e+00
-7.7285002567545702e-01
9.4460207496674387e-01
6.5792059873350794e-01
-6.6366897187188689e-01
2.8253756112489031e-01
-2.7198743305746814e-01
-5.5959236417373315e-01
3.0932524717663190e-01
-1.1198508006644727e+00
8.6836212344194375e-01
-9.7066573804821699e-01
-3.2943890582304669e+00
4.8105407550625499e-02
-3.7682511692416104e-01
4.4290806880340450e-01
3.7531843359532163e-02
-2.2097104675787160e+00
-1.8121580781892430e+00
-8.2618868000190623e-02
-5.7899179830636804e-01
-1.4749235366399622e+00
3.0404583868685986e+00
-7.3671431189863035e-01
-1.1033554664394105e+00
2.6831780364976892e+00
-8.2699324472599001e-01
1.7690640774132445e+00
1.9668765569424635e+00
-2.8692361911071478e+00
6.5999488585682820e-01
-1.0512991452795108e-01
-1.2395538999734717e+00
5.3058881259805724e-01
1.9669900683059793e+00
-4.4763273663735359e-01
-1.3049281845674450e+00
1.3586371804815542e+00
-1.7772359343227806e+00
-1.2022739495170898e+00
-5.5758388726297503e-01
1.8396340913313070e+00
-5.8281119713838248e-01
2.2336852510819596e+00
-2.9467889170236938e-01
-3.6778206159186677e-01
-6.1487105665986175e-01
2.7835930706749434e-01
-1.0810147203016560e+00
3.5408789429092774e-01
6.6033553883591800e-01
4.0617188787066172e-01
-7.3089694828960361e-01
-3.1372213753493472e-01
-9.9178008595345890e-01
-5.3564844700890779e-01
7.2065364321930880e-01
-1.0112185882680571e+00
-1.6605964593079192e+00
1.0068584395095890e+00
-4.7542794065426808e-01
-4.7877674053834460e-02
7.8474467779341761e-01
2.6602428683348173e-01
-7.4267701238541339e-01
-1.4857678559633128e-01
-2.3732497173541325e+00
1.4857702060895828e+00
6.3420729368293938e-01
-3.7626521438262645e-01
3.4308025412980325e-01
2.4461292993118149e+00
-1.8696346060801150e-01
-2.1965883369191808e+00
-2.3792902855177675e-01
5.6239597504567207e-01
-2.2783114807166420e+00
-8.6170974536724718e-02
3.7287188407907479e-01
