Нормальное с масштабом 1.0000 со сдвигом 0.0000
0 800
2.0344877700110739e-01
6.6262828731586523e-02
5.2169892946110052e-01
2.9842054455200084e-01
-1.6884242322126351e-02
2.5241707634567445e-01
-7.6916743369236129e-01
1.5743629116038875e+00
-2.8064250068537733e-01
1.0482432124790672e-02
-1.0546890056278428e+00
7.3835404922637415e-01
-6.6997706147236313e-01
-2.0451387038065372e+00
3.9900838950252832e-01
-3.7298870765994779e-01
-1.1358177854376343e+00
1.6670464748070928e+00
-1.1107198657807158e+00
-7.5455474359400510e-01
1.0374687730200343e+00
8.4404238630502371e-01
-5.2341231546731404e-01
-1.3703566460907682e-01
-5.1460914266152935e-01
4.8340946863883416e-01
1.0729419500873258e+00
-1.2721180470198128e+00
4.2941836295067665e-01
2.1239116803720862e-01
-3.0307124692952767e+00
-1.2793209705815805e+00
3.9087752844595275e-01
7.5972491053655378e-01
7.1189794906178884e-03
-5.8436184356134024e-01
2.5343699497728206e-01
-1.9176135025562660e-01
-1.4489856756278721e+00
-5.9252317481421846e-01
-1.8519399645304389e+00
-9.7717674957261705e-02
1.5014165747213730e+00
-2.6600429779415982e+00
4.5262477965940401e-01
-2.0644958826519355e+00
-2.1379382941387459e+00
2.2327688157496572e+00
-3.5680134682041947e-01
-8.8530539767952132e-01
1.9081110331749864e+00
7.5866361116299608e-01
-3.7339580546009048e-02
1.2305837634561656e+00
-2.9567627079257586e-01
1.7586089347483016e+00
3.4412094375753954e-01
-8.9551306469406211e-01
1.8518937353705023e+00
2.7274407632990244e-01
1.5523256104639510e-01
1.5518201205187148e+00
-4.4003483256849907e-01
1.2232299678696712e+00
-1.6928748129305891e+00
-9.6117564085905760e-01
-5.9093565289330019e-01
-2.5473332589678338e-01
-2.4869221279465430e+00
-9.4440278062917896e-02
1.2449516678108334e+00
-5.6615045173205170e-01
1.3112256631388666e+00
-1.5336923153803326e+00
4.0547568752370122e-01
-1.7594374800564838e+00
4.7895027958151026e-01
-1.8964354528940014e-01
-1.1097093285756079e+00
-1.0344547043568044e+00
-9.2764985381071063e-01
-2.4250539380139009e-02
-3.5707741505847396e-01
-6.7690645696099427e-01
-9.3628768098943171e-01
-1.5406314889317212e+00
-4.9725002855610889e-01
-3.5612217644949973e-01
1.9917547201010430e+00
-9.0993388893524207e-01
-4.5951569992158914e-01
-1.7447879006773076e-01
-2.9981513014605721e-01
-6.7311841674618222e-01
1.3570911347730072e+00
1.0637562240258431e+00
2.0840581337029621e-01
-6.2640488513565751e-01
5.8156981993548651e-01
1.2254850125940269e+00
-1.2501340717862017e+00
1.2846715578665338e-01
1.6651007330763812e-01
1.2122182236438916e-01
1.7365718824196824e-01
9.5635712229808756e-01
3.4828761666792546e-01
-3.9042946064259859e-01
-1.0322410420139079e+00
8.6679686280217855e-02
1.0633828572263724e+00
3.5794994516592132e-01
1.0295463798391395e+00
-2.1854606509412464e-01
-5.7072722210049065e-01
7.1949571840166857e-02
1.1432790283307959e+00
2.8241136271600858e-01
-8.4765957727541208e-01
7.9501386011075648e-01
9.0497991803446654e-01
1.4073705190361556e+00
1.3964000704841506e+00
5.1409245248811719e-01
5.9490631482604264e-02
2.2476169182044328e+00
9.9178065215746902e-02
1.5303076456298879e+00
-5.3925767423158788e-01
1.8551406874766299e-01
8.3039098617647089e-01
-5.6713550403769075e-01
-1.5221759577740981e-01
1.9865545162407434e+00
1.3352378681613444e+00
8.6795483088971348e-01
-8.5935150059831622e-01
-1.1394613749267124e+00
-1.1492621640461069e+00
3.3126319682105110e-02
7.0285467048093531e-01
-6.2194442216904351e-02
-6.5681755567216005e-01
-2.1633244691462048e+00
1.7764742110356215e+00
-1.1721908089140343e+00
9.0930746475990964e-01
-8.0422942449722845e-01
-3.1908417392227845e-01
-5.4521062081023708e-01
1.0125069031176093e+00
-1.4764844384714326e+00
1.3821983372671393e-01
-4.5079433417064529e-01
6.8951941845415532e-01
2.0010287747563091e+00
-3.4748944716309110e-01
1.3477729575964674e+00
-1.3312949888318530e+00
2.9725409627190552e-01
-9.7293147206249975e-01
1.2346116290573610e+00
1.7338666399902789e+00
-6.1683493659264670e-02
3.2466222030163633e-01
1.1250210275363139e-01
-6.9182101393609274e-01
1.8826737386896886e+00
-9.3687509020749932e-02
7.0003810977696901e-01
1.1465016219754329e+00
1.6285195973954918e+00
1.3002424703823801e+00
1.1957823197565374e+00
-2.2794579589686118e-01
6.2029390060946765e-01
-6.6736932697645008e-05
6.7003861484039851e-01
-8.9385271519925158e-01
-3.0041483080123210e-04
1.3551168953414330e+00
-1.0450438413681424e+00
1.0256058232832073e+00
2.8117692654565305e+00
-2.3276684130830638e-01
2.1012774970373469e+00
2.4310002226950594e-01
1.6862128198582320e+00
1.8368628095544101e-01
-1.0690292954695400e+00
5.7943717391161320e-01
1.1268615334323091e+00
-3.7879712594768067e-01
2.0072382075015951e+00
-4.4259775273688129e-02
-5.8927407284488620e-01
2.3751371825811726e-01
4.7055347084880600e-01
1.9702476097839552e-01
-1.2456636938789021e+00
9.1773367050149290e-01
6.8498148899044908e-01
-1.1366868143873468e+00
-5.6370928321772462e-01
1.0371519671475604e+00
-1.8651147518656838e-01
1.2379358550274511e+00
-6.6965449711679692e-01
3.6832395182845051e-01
9.1319164487520921e-02
-1.2681094698860276e+00
-5.6333106924685539e-01
-4.8993679796731532e-01
-1.0843658995539898e+00
2.1566187044146989e-01
2.9941132194248604e-01
6.6816587914446179e-01
-3.9522976050506825e-01
-4.7991059835490479e-01
-5.8128477463124339e-01
-6.0811604927787632e-01
-2.5286395676585960e-01
-6.8980703883359762e-01
4.5515733359417454e-01
-2.9957521530082626e-01
-1.2914329915775482e+00
4.0485329290236816e-01
5.2953990157939024e-01
-6.0508456170706870e-01
8.3061482542209553e-01
-4.9697399635255081e-02
9.3193007391523017e-02
-7.6958688621306170e-01
-5.7849000505833792e-01
9.9190465587373100e-01
-5.8781307292349115e-02
-6.7629086822027551e-01
1.3718796844613304e+00
2.5342236344279065e+00
-3.3017047699779206e-01
-6.4230302461196964e-01
-6.9742142410046171e-02
2.8469749228199698e-01
4.7660595592405619e-01
-8.7405920639618073e-01
1.4615308904660965e-01
2.4524693391057453e-01
-5.7116068576619461e-01
-2.4893304510534428e-01
4.7405367855922703e-01
-5.3930424956356071e-01
5.7666000341921242e-01
1.4958082724950523e+00
6.5663273863664084e-01
-2.0528652585459217e+00
-1.6373942378318551e+00
4.3336831959333355e-01
-1.3212584950583870e+00
1.4217709953236917e+00
8.3188586998180236e-01
1.1018241699754827e-01
-4.5487081543256619e-01
-1.0309530773025710e+00
2.9015193017806551e-03
-7.2533740929074753e-01
-2.5985619334318916e-01
5.7862045723811029e-01
1.0960244301310016e+00
3.0686713442187236e-01
4.0651616636507620e-01
8.9448609474452032e-02
2.8394356467614335e-01
7.2759553221800732e-01
4.0846561033130757e-01
1.2134665508921116e+00
5.9294588426366468e-01
-9.7444289004063722e-01
5.8007415227095482e-01
-8.1909493579440762e-01
1.2985459646438575e+00
-1.0793754615829554e+00
-4.6448051544927893e-01
-1.3702739773335775e+00
-7.8747430149449771e-01
-5.0716556889738562e-01
-2.4289447838567535e-01
-1.0903488939688091e+00
1.1963992092179616e-02
-4.3290824965993885e-01
-2.3794834310506999e-01
-6.7816469703516702e-01
7.9453582508702625e-01
2.6557697474233342e-02
5.9021930766671526e-01
-5.5774596677909372e-01
-1.8784422228128432e+00
-2.0946781219184309e+00
9.6841510766998051e-01
-4.1451204909927580e-01
3.8693060055248550e-02
5.4790344217047815e-01
-7.3065091504949065e-01
4.6891423010466543e-01
9.0085063147269817e-01
1.6601187126312120e-01
7.7404182372826058e-01
6.5660901107816236e-02
-1.2787429662470735e+00
-7.0240687849287242e-01
5.9845433441258655e-01
-7.3777427858249944e-01
-3.3927246716277820e-01
-2.3507798128226534e+00
6.4501559865055902e-01
-2.1210192348010746e+00
1.9219772107317419e+00
8.8635750552008630e-01
-7.4499377545967782e-01
-2.8191549215994832e-01
2.7917625383339178e-02
4.9087744515705051e-01
-1.3321752192297893e+00
1.7811809440256228e+00
5.8943720258972288e-01
-5.3321712005036437e-01
-2.1052223508430171e-01
-6.6025136350462699e-01
1.3243115191725294e-01
1.3414602946452463e+00
-5.5347339891228098e-01
1.2025897921484470e+00
8.3096188226262779e-01
3.2443781341423228e-01
-6.4855472794462621e-01
3.0948664011959622e-02
-8.9047615729536322e-01
-8.4056538780069284e-03
-2.6452177301313928e+00
3.9812387185363973e-01
6.5659226588448127e-01
8.7481005683056071e-02
-1.1030935126953421e+00
-3.4388346799792968e-01
-1.9472266166928207e-01
-4.2386793953379726e-01
1.9333153483224197e-01
4.2123426149882914e-01
3.3773831110652397e-01
6.5193092175127376e-01
-2.0370615003008097e+00
2.1766639476900742e-02
-1.5375403828523557e+00
9.4250284489944547e-01
-1.1380016461029372e+00
1.1744860491719933e+00
-7.8919115742728163e-01
-2.6006392467769313e-01
-1.6419893149417450e+00
4.8251565398238477e-01
-2.7160706390421041e-01
-5.2747459832699059e-02
4.8520777245785829e-01
-7.7750803380110001e-01
4.4812874904156375e-01
-1.4444593436143672e-02
8.8874670143831136e-01
-9.0917561240990385e-01
1.0127787237280552e+00
5.8772333166027546e-01
-4.7135919424194578e-01
5.2364998207340685e-01
5.5700740744782151e-01
-1.0042370659522581e+00
-1.1060242028341010e+00
-3.3525881180460043e-01
-7.0827306919430644e-01
-9.3519821211544985e-01
-1.5353729264023368e+00
-1.6082324072464658e+00
2.8874117405635280e-01
-6.5520143988906365e-01
-8.7787700023945151e-03
-7.3522442391632736e-01
1.6673678819198012e-01
4.3661516202494832e-01
-1.9394469243257384e-01
-1.8023706060176934e+00
9.3074390897626191e-01
-8.8122971242241221e-01
1.8018712706117282e-01
-1.5795585179160103e+00
5.8738303745511733e-01
4.4658392370946742e-01
2.1566738518924794e-01
8.4386654751625845e-01
-8.7956882927846369e-02
7.2538463127660180e-01
2.5840781322559825e+00
-6.2107324308584400e-01
1.2221398232579511e-01
2.6448341003126447e-01
8.6141677331032784e-02
6.7820860829919338e-01
3.8794670791721875e-01
-2.1949515018766574e-02
3.2814219924927668e-01
-9.9991766400557947e-01
2.0466717851261662e+00
-3.6483525089073521e-01
1.3627161762228300e-02
-1.3710957073161978e+00
9.5986026436358152e-01
-8.7097017991406878e-01
-2.6586803149484965e+00
5.1871090635246975e-01
-4.8488531995712209e-01
-1.4765631210689243e+00
2.1671604170755798e+00
-1.4439358255149302e+00
-9.8092116694669140e-01
1.3487094049153543e+00
1.0972551020466110e+00
-6.8043601010727794e-01
-1.7814636390692815e-01
-6.6899188545971922e-01
6.2843230923005344e-01
1.3948245351135233e+00
-1.6537534611257592e+00
5.5824387216988314e-01
2.7610851838458206e-01
-3.9399262191424125e+00
-1.6631172610783653e+00
5.0814078697891440e-01
9.8764238394588211e-01
9.2546733378032972e-03
-7.5967039662968361e-01
3.2946809347036193e-01
-2.4928975525466585e-01
-1.8836813783154658e+00
-7.7028012725843698e-01
-2.4075219535175889e+00
-1.2703297739079961e-01
1.9518415471383714e+00
-3.4580558713278093e+00
5.8841221355661755e-01
-2.6838446492506267e+00
-2.7793197823779567e+00
2.9025994572808771e+00
-4.6384175086578439e-01
-1.1508970169857011e+00
2.4805443431361174e+00
9.8626269476546247e-01
-4.8541454708087940e-02
1.5997588924930164e+00
-3.8437915202998701e-01
2.2861916151726125e+00
4.4735722688410157e-01
-1.1641669841064244e+00
2.4074618556069738e+00
3.5456729922866809e-01
2.0180232927136124e-01
2.0173661566869381e+00
-5.7204528233837382e-01
1.5901989582305853e+00
-2.2007372567757044e+00
-1.2495283331172056e+00
-7.6821634876124090e-01
-3.3115332366570815e-01
-3.2329987660355712e+00
-1.2277236143169037e-01
1.6184371683597036e+00
-7.3599558725157399e-01
1.7045933618275624e+00
-1.9938000099989841e+00
5.2711839378000636e-01
-2.2872687240732588e+00
6.2263536345550685e-01
-2.4653660879736189e-01
-1.4426221271482902e+00
-1.3447911156561811e+00
-1.2059448099557892e+00
-3.1525701194189425e-02
-4.6420063957525426e-01
-8.7997839404929024e-01
-1.2171739852875731e+00
-2.0028209356180136e+00
-6.4642503712258648e-01
-4.6295882938359140e-01
2.5892811356582661e+00
-1.1829140556192443e+00
-5.9737040989749746e-01
-2.2682242700226593e-01
-3.8975966918948174e-01
-8.7505394177003448e-01
1.7642184751523560e+00
1.3828830912335972e+00
2.7092755731469703e-01
-8.1432635067633796e-01
7.5604076591606861e-01
1.5931305163722416e+00
-1.6251742933220616e+00
1.6700730244219747e-01
2.1646309521197576e-01
1.5758836899817175e-01
2.2575434462849925e-01
1.2432642588845306e+00
4.5277390166758069e-01
-5.0755829883455350e-01
-1.3419133546121311e+00
1.1268359212272791e-01
1.3823977143942849e+00
4.6533492871493221e-01
1.3384102937865583e+00
-2.8410988456316311e-01
-7.4194538873055438e-01
9.3534443366624254e-02
1.4862627368300338e+00
3.6713477153054402e-01
-1.1019574503432141e+00
1.0335180182608887e+00
1.1764738934486574e+00
1.8295816747407563e+00
1.8153200916191132e+00
6.6832018823428063e-01
7.7337820913305488e-02
2.9219019936657586e+00
1.2893148472527746e-01
1.9893999393225925e+00
-7.0103497650089486e-01
2.4116828929089995e-01
1.0795082816611625e+00
-7.3727615524890699e-01
-1.9788287442185834e-01
2.5825208708601628e+00
1.7358092286464391e+00
1.1283412801400847e+00
-1.1171569507351087e+00
-1.4812997874047260e+00
-1.4940408136764878e+00
4.3064215586759005e-02
9.1371107162521537e-01
-8.0852774865620217e-02
-8.5386282237380273e-01
-2.8123218098252742e+00
2.3094164743462788e+00
-1.5238480516438739e+00
1.1820997041913697e+00
-1.0454982519404192e+00
-4.1480942609842492e-01
-7.0877380705315840e-01
1.3162589740525090e+00
-1.9194297700128078e+00
1.7968578375937028e-01
-5.8603263442122089e-01
8.9637524399040025e-01
2.6013374058879575e+00
-4.5173628131130072e-01
1.7521048452711414e+00
-1.7306834854514190e+00
3.8643032515310372e-01
-1.2648109136814956e+00
1.6049951177745700e+00
2.2540266319857354e+00
-8.0188541741129271e-02
4.2206088639155032e-01
1.4625273351139026e-01
-8.9936731811691906e-01
2.4474758603363096e+00
-1.2179376167769296e-01
9.1004954271005867e-01
1.4904521090817999e+00
2.1170754771268907e+00
1.6903152111284758e+00
1.5545170156867516e+00
-2.9632953461384770e-01
8.0638207079228741e-01
-8.6758012517387339e-05
8.7105019929251515e-01
-1.1620085297630847e+00
-3.9053928236610714e-04
1.7616519638871746e+00
-1.3585569937552227e+00
1.3332875702655236e+00
3.6553000447473227e+00
-3.0259689370076054e-01
2.7316607463000930e+00
3.1603002895029192e-01
2.1920766657628867e+00
2.3879216516010668e-01
-1.3897380841104017e+00
7.5326832608503025e-01
1.4649199934620016e+00
-4.9243626373116545e-01
2.6094096673711373e+00
-5.7537707851515268e-02
-7.6605629469830094e-01
3.0876783373550287e-01
6.1171951210294295e-01
2.5613218919747793e-01
-1.6193628021545454e+00
1.1930537716546357e+00
8.9047593568758154e-01
-1.4776928587035503e+00
-7.3282206818294304e-01
1.3482975572815004e+00
-2.4246491766198952e-01
1.6093166115356867e+00
-8.7055084625183232e-01
4.7882113737618642e-01
1.1871491378709403e-01
-1.6485423108518369e+00
-7.3233039002081224e-01
-6.3691783735711527e-01
-1.4096756694201877e+00
2.8036043151254741e-01
3.8923471852484226e-01
8.6861564288779702e-01
-5.1379868865576772e-01
-6.2388377786092486e-01
-7.5567020702055221e-01
-7.9055086406120945e-01
-3.2872314379551515e-01
-8.9674915048367576e-01
5.9170453367183362e-01
-3.8944777989068347e-01
-1.6788628885696995e+00
5.2630928077227168e-01
6.8840187205300241e-01
-7.8660993021915693e-01
1.0797992726854497e+00
-6.4606619518689193e-02
1.2115090956023848e-01
-1.0004629522807265e+00
-7.5203700657577033e-01
1.2894760526359359e+00
-7.6415699466547027e-02
-8.7917812868635559e-01
1.7834435897704790e+00
3.2944907222705258e+00
-4.2922162009651504e-01
-8.3499393199555116e-01
-9.0664785109679194e-02
3.7010673996631360e-01
6.1958774270080319e-01
-1.1362769683087748e+00
1.8999901567277017e-01
3.1882101408367380e-01
-7.4250889149597021e-01
-3.2361295863686085e-01
6.1626978212651029e-01
-7.0109552443245948e-01
7.4965800444490416e-01
1.9445507542439486e+00
8.5362256022762728e-01
-2.6687248361096945e+00
-2.1286125090173642e+00
5.6337881547062618e-01
-1.7176360434219484e+00
1.8483022939176486e+00
1.0814516306402888e+00
1.4323714203060620e-01
-5.9133206006174099e-01
-1.3402390004882270e+00
3.7719750923149950e-03
-9.4293863207797113e-01
-3.3781305134601169e-01
7.5220659440947513e-01
1.4248317591703024e+00
3.9892727474798834e-01
5.2847101627379589e-01
1.1628319227216836e-01
3.6912663407870888e-01
9.4587419188340960e-01
5.3100529377795513e-01
1.5775065161598887e+00
7.7082964954271727e-01
-1.2667757570530569e+00
7.5409639795217542e-01
-1.0648234165976325e+00
1.6881097536483960e+00
-1.4031881000578426e+00
-6.0382467008352270e-01
-1.7813561705024279e+00
-1.0237165920816385e+00
-6.5931523956629678e-01
-3.1576282190131277e-01
-1.4174535621594526e+00
1.5553189719834149e-02
-5.6278072455721118e-01
-3.0933284603654004e-01
-8.8161410614571512e-01
1.0328965727313386e+00
3.4525006716514921e-02
7.6728509996667993e-01
-7.2506975681270802e-01
-2.4419748897018621e+00
-2.7230815587363706e+00
1.2589396396458239e+00
-5.3886566412235881e-01
5.0300978069694989e-02
7.1227447482148010e-01
-9.4984618998587611e-01
6.0958849913555058e-01
1.1711058209186087e+00
2.1581543255400620e-01
1.0062543710324645e+00
8.5359171420692673e-02
-1.6623658554327156e+00
-9.1312894204073325e-01
7.7799063473632268e-01
-9.5910656253031279e-01
-4.4105420731093936e-01
-3.0560137566722605e+00
8.3852027824571840e-01
-2.7573250052733789e+00
2.4985703739527478e+00
1.1522647571788029e+00
-9.6849190842558741e-01
-3.6649013980766926e-01
3.6292912998354701e-02
6.3814067870377622e-01
-1.7318277849824075e+00
2.3155352272332927e+00
7.6626836336658832e-01
-6.9318225606528250e-01
-2.7367890554443464e-01
-8.5832677255601031e-01
1.7216049740973804e-01
1.7438983832181572e+00
-7.1951541858584023e-01
1.5633667297941096e+00
1.0802504465857479e+00
4.2176915743792665e-01
-8.4312114632800628e-01
4.0233263215565841e-02
-1.1576190044876444e+00
-1.0927350041408986e-02
-3.4387830491716396e+00
5.1756103340891291e-01
8.5356994564982047e-01
1.1372530734553075e-01
-1.4340215665039449e+00
-4.4704850839661009e-01
-2.5313946009419125e-01
-5.5102832161643123e-01
2.5133099520519453e-01
5.4760454018942772e-01
4.3905980443781817e-01
8.4751019827664920e-01
-2.6481799503910515e+00
2.8296631319977013e-02
-1.9988024977137449e+00
1.2252536983702860e+00
-1.4794021399338184e+00
1.5268318639675944e+00
-1.0259485047890076e+00
-3.3808310208086612e-01
-2.1345861096154630e+00
6.2727035017666388e-01
-3.5308918307527520e-01
-6.8571697773440812e-02
6.3077010419479485e-01
-1.0107604441140083e+00
5.8256737375340018e-01
-1.8777971466988085e-02
1.1553707118731436e+00
-1.1819282961363742e+00
1.3166123408460702e+00
7.6404033115830461e-01
-6.1276695251402913e-01
6.8074497669519984e-01
7.2410962968205284e-01
-1.3055081857378847e+00
-1.4378314636843319e+00
-4.3583645534533288e-01
-9.2075498995259808e-01
-1.2157576757514585e+00
-1.9959848043280533e+00
-2.0907021296292365e+00
3.7536352627294745e-01
-8.5176187185577634e-01
-1.1412401003112792e-02
-9.5579175148117945e-01
2.1675782456166598e-01
5.6759971063174142e-01
-2.5212810008599579e-01
-2.3430817878229995e+00
1.2099670816707895e+00
-1.1455986261494633e+00
2.3424326509595544e-01
-2.0534260733441609e+00
7.6359794869159803e-01
5.8055910082166662e-01
2.8036760068466293e-01
1.0970265116193141e+00
-1.1434394776323113e-01
9.4300002065958244e-01
3.3593015719327739e+00
-8.0739521601157771e-01
1.5887817694726561e-01
