Бета 3-го рода (6.6889,8.1712,2.3857) с масштабом 0.9291 со сдвигом 0.2500
6 85
12 3 
0.4 0.7 
0.5220148789934332
0.6139957031371528
0.4258190834904155
0.4124579216441523
0.426626436630655
0.5337600424508347
0.439177545074097
0.4473280791592474
0.5032182169265674
0.5313701238835949
0.5328118744659674
0.411428654744882
0.4845481167067457
0.5888294583183388
0.5688820446647456
0.485549412007698
0.4980870439547909
0.4365618310177828
0.5002552887187358
0.4544557759716853
0.4379760028581653
0.5955290045218706
0.6187096273910372
0.5341479793677938
0.6781891349107281
0.5843322851624946
0.4286351825219887
0.4884961618976268
0.5558205190584502
0.5017905682583188
0.5492424067401115
0.5340701846262326
0.4386086321936053
0.6306140875586491
0.5043499809302073
0.6576813470656129
0.4325869096358172
0.4174293976681696
0.4478821662831309
0.488274806533756
0.5697690888035352
0.514641880446069
0.5073757519748548
0.5147852763691984
0.522110849009112
0.5579667514212315
0.4091064125286438
0.5551849645985349
0.4731348942512265
0.673692712703202
0.443942875157386
0.4850945104704663
0.5540836546404121
0.4106202222845218
0.4479451675029198
0.5051744000751198
0.5495233426250667
0.5828215582909342
0.5113800316741889
0.5050885448822818
0.571120289017272
0.6022956581675664
0.524569545998358
0.6724242575269166
0.4267997300248448
0.4412955522193011
0.4090538666762069
0.4016429332163656
0.440432908095954
0.5318580597324332
0.4143725133288301
0.5599709599347188
0.4263406989747269
0.5462087083397107
0.4403063181509823
0.6381370225725296
0.526910841585708
0.4901782951344681
0.4501061530120206
0.4807771170698368
0.4613867124318715
0.4433504124299113
0.5188919147185829
0.6449462020008122
0.5861214671815452
