Бета 3-го рода (6.6889,8.1712,2.3857) с масштабом 0.9291 со сдвигом 0.2500
1 100 0.1 0.2
0.4029200019558512
0.5721602058125167
0.5614899548482968
0.4797355557923092
0.5157746060426679
0.4995793615172561
0.3409841629418383
0.4719917233534554
0.5656808605664656
0.4712137951561844
0.5788125803703462
0.3245538404045846
0.4247095630571407
0.4184044111744883
0.3466081434407257
0.6602600756501741
0.5175176504560915
0.5386947220893501
0.3769170634586607
0.3863593184004059
0.4857574106001134
0.4730436809046468
0.4494780647788844
0.5993982793462247
0.646048038516572
0.6057663109858997
0.7745666713500495
0.7666657796881189
0.4166314583320648
0.3528834454839768
0.5285000364931004
0.4764012608547221
0.5289627491829149
0.3800547417226657
0.670212619690833
0.42734028104457
0.3155432336151182
0.7159509562880437
0.6140692732379207
0.7182744161808999
0.4996143924020041
0.4063665173845359
0.5339117557998242
0.3577321600154629
0.5553825759537383
0.8664196766171506
0.6767648640997652
0.4589199348639953
0.5051560577707723
0.5970945828251033
0.3522142905687839
0.7063279196226435
0.450244365198776
0.631247909449363
0.4234808913219003
0.3831289276384118
0.6567696287424751
0.4072730400354787
0.3952733977230045
0.3388651927390384
0.4511316467376891
0.2742871254619865
0.4271288911591412
0.3234331740888193
0.4092845772762469
0.5659272064589915
0.5665022370326719
0.5128844864154719
0.7192645397541528
0.4439144148896263
0.4194211286209961
0.4393590171927603
0.4036003610519382
0.759502617316334
0.5280743530174222
0.4739685500171525
0.5551917793644132
0.4309763011257458
0.2825528847063445
0.4688950359944605
0.4708927324916823
0.4354755793576551
0.5198803948200212
0.4427284887172572
0.6778573968533053
0.3424408095172135
0.4622651439129847
0.4561980855289771
0.6050912881435254
0.3857015327855891
0.597697064632327
0.4465632755802957
0.438436282958016
0.4255691744172449
0.4024756723475226
0.8548264340510677
0.4360892108974226
0.5888667720789419
0.7115573503577112
0.6539279180982945
