Нормальное с масштабом 1.1000 со сдвигом 0.0000
0 500
-8.2817249586111952e-01
-2.6047789045727071e-01
-9.8607075061843152e-01
-2.0351732569812597e-01
1.4716501520951388e+00
1.4348899668938440e+00
1.1996259168572179e+00
9.7552145184324857e-01
4.5892070743837560e-01
8.4724254142227862e-01
3.7446190596636586e-01
1.9873550177694335e+00
9.8984859882282946e-03
-2.3845776914728381e-01
-1.0323214369424334e+00
1.1631347029768219e-01
4.8674353637624346e-01
7.5014813749961851e-01
7.3929845925867543e-01
8.4974297480011418e-01
-1.4101403108764730e+00
-6.4161116668398566e-01
-5.6662539987364280e-01
-5.4644434475637094e-01
-1.6632893618842864e-01
5.2926495593835066e-01
-1.1018918296376774e+00
1.1840727515271112e+00
1.3237945279892716e-01
-1.5599433100949871e+00
-7.3937070428659579e-01
-5.8767649454937421e-01
1.8165606765567031e+00
3.5078325215045850e-02
-1.4642923551263294e+00
-1.1716630166150128e+00
5.8294753023712842e-01
-7.0231299635789213e-01
-7.8003629917335859e-01
-1.7574256947952707e+00
3.3515484139105090e-01
-8.7924419527627751e-01
-1.2233009233167000e+00
3.7441341740818385e-01
-1.6875776529345659e+00
-2.0665536547857219e+00
-2.1199939748723010e-01
-1.5557484390044693e-01
-6.2687933577430244e-01
6.1286103073900566e-01
7.3243863001995335e-01
8.5131175830063988e-01
-7.2671953624759533e-01
-6.7555608493645825e-01
-2.0715267211170358e+00
3.1268815068153166e-01
7.6431596880538522e-02
-1.1821555465897413e+00
-6.4187333301126059e-01
-5.4275174521490610e-01
1.0576966179467766e+00
1.1816654521734120e+00
4.5891104815131911e-01
1.1175746433270108e+00
-9.2532507701591726e-01
2.2254363937980512e+00
-2.0029767998711018e-01
3.1034693119091648e+00
-4.4670536371523356e-01
7.6430804599872582e-01
2.5593223586390612e-01
-2.0657439328791136e-01
-5.0832971020100948e-01
7.9565960987298878e-01
-7.9743794967390754e-03
3.8631220535656335e-01
-6.4185191985362391e-02
1.0972070225415418e+00
8.6845846011316761e-03
-9.5217809514077312e-01
5.1467167653983056e-02
-8.5045652602626787e-01
1.5502822722891640e+00
2.7904670085714228e-01
4.0435714698488995e-01
-3.3484696426306959e+00
9.8499335118214619e-03
-1.8388079380907196e+00
2.8723706537598099e+00
1.9744939644897783e-01
-8.8846945265720656e-01
6.8973519601800437e-01
6.6807992581384079e-01
2.1150218168547598e-02
7.4978753763432604e-01
9.9535985608838284e-01
-2.8213685415678822e+00
-1.1744600092475699e+00
2.3372059647933838e+00
2.0894668123755522e-01
2.1264371421968216e+00
-8.7537107604359121e-01
3.2935110862644040e-01
2.0159905171691933e-01
1.1933514650047969e+00
-8.2252319308410760e-01
-3.2634522332923088e-01
3.0407118179201609e-01
2.9816192506068978e-01
-6.2442518209383724e-01
1.1139244351207180e-01
4.1832575104010877e-01
4.2783475943092480e-01
-6.1443773659308420e-01
-5.7123077834757774e-01
1.0825004611286946e+00
-9.0524860909070104e-01
1.7722240038930395e-01
-2.0218941595433160e+00
-4.7960268697160940e-01
-1.9888201862439905e-01
-1.8031484871743064e+00
-1.0250236560829484e+00
-2.3269806510030508e+00
4.9314220463061648e-01
2.2247061595485398e-01
1.1683302821696733e+00
-1.4780326232722327e+00
1.3285233936721845e+00
-8.4620359011217450e-01
2.0329979398580095e-01
-7.7377248737181908e-02
-9.0923065941377601e-01
-1.0778099630526579e+00
8.1763493696249601e-01
-1.2591634366792151e-01
-2.6733099979377024e+00
-2.2425705839334040e+00
-1.3581944308938987e+00
9.6375537277957734e-03
-5.9061098806721757e-01
6.1150594905048566e-02
-1.3485647925470126e+00
1.1518443388133077e+00
1.0028443312099613e+00
3.5013464244867160e-01
2.7418391843547169e-01
4.6650564045780374e-01
-3.3352516491391276e-01
1.9696167064837933e+00
8.3491037168781534e-01
-1.2617003003481133e+00
2.6979594180838262e-01
7.4418667095623769e-01
-1.2764502128727906e+00
-1.3051491048321893e+00
1.7183276843008815e+00
-1.3024036886317345e+00
2.1231105032170290e+00
7.3380995000805427e-01
-1.9212225480782315e+00
-7.3281902348386427e-02
1.1921050793460168e+00
-1.9513054928880338e-01
8.3852344536374968e-01
1.4323520899300273e+00
-6.4983674607715314e-01
3.7747875468436259e-01
8.6168914992964796e-01
1.4864326694998751e+00
9.4165121658758877e-01
-1.5723907724007176e-02
-9.2151384433030378e-02
3.6881321758821278e-01
-2.4972981647516099e+00
-1.1385715672335680e-02
6.6859403689661778e-01
2.3537444274921909e-02
-5.3600142337630929e-01
-2.7032324417826431e-01
-2.2569174994517469e-01
-1.5124956412379695e+00
2.0536374742064201e-01
-5.4597362246503056e-01
4.9026103016728251e-01
6.3853073304219432e-01
-4.2483788805541667e-01
2.7979909506103645e-01
2.1992130558412586e+00
-5.1209249971765691e-01
2.1236486254795648e+00
-3.8211079210427190e-01
1.6949044327989917e+00
-7.8268116669229959e-01
1.4167248283075085e+00
-4.7048210034547638e-01
4.2929081473482111e-01
-1.2488489123265683e+00
-6.7959818128391236e-01
2.2083786909068634e-01
-2.6135941246103866e-01
-1.9277511600359658e-02
-2.1701929810292930e-01
3.0543658763505505e-01
2.8772877439362021e-01
-1.6143348000954287e+00
-5.0791936075423683e-01
-3.2789583927115284e-01
-9.0561905682029531e-01
1.0372084252508298e+00
3.9845329502767551e-01
2.7254772405898281e-01
2.2924430445743211e+00
2.3456490380291832e+00
-3.9652943531044110e-01
-7.0700307991343936e-01
9.5144714937175934e-01
-5.7128177114374723e-01
7.3677820768988478e-01
-1.9128276739016112e+00
-6.3978424103364850e-01
4.7232142835874275e-01
-8.7102517228801690e-01
2.3542196791438930e-01
-1.6160576870690533e+00
1.3592293490159268e+00
6.6873833012893191e-01
2.4304863886756753e+00
-8.8062550266998929e-01
3.8553640403335652e+00
7.9781266210423807e-01
-4.9508956575027124e-01
-8.7221140954239251e-01
1.5853228548507692e-01
-1.0759795187111389e+00
1.8608191560719456e-01
1.2160132453897363e+00
-5.1944786150099387e-01
1.7495986634745928e+00
4.5253132358891524e-01
-1.8532824997256141e+00
3.2557333991771564e-01
-1.4361651904124086e+00
-3.4751730308894596e-01
-1.4311070623893096e+00
1.5322633907046290e+00
-8.7473575283281269e-01
-5.5935129849240073e-01
1.3503405382946569e+00
-1.9490643635771723e-01
2.1090417598422664e-01
7.1334183603647816e-01
-2.8573907966504936e-01
-5.1934833805808434e-01
-3.3120985254753044e-01
-1.0641087565838296e+00
2.0681427948484461e+00
-2.0906890072772248e+00
2.6970658137833294e+00
2.4074080596664264e-02
1.4762346705019427e+00
-5.2925534239936789e-01
-3.3290446620469766e-01
5.0021631609385553e-01
3.0674319496285761e-02
-3.2265746461715900e-01
-1.8251881354202899e+00
-2.5364697306147610e-01
4.4256847461729576e-01
-1.3329191686878168e+00
-9.9559996730741146e-02
8.0834933182791391e-02
1.4781693132062028e+00
-2.0674532158591759e+00
-3.6388291660098404e-01
-8.3454276214661605e-01
2.5459814779242729e+00
6.6680803593620452e-01
-9.4794875766583586e-01
5.9325045647207120e-01
-7.2778663843735378e-04
-6.2481066394690932e-01
5.3079989886081191e-01
5.8966941412237317e-01
-2.0534341941467655e+00
6.6727658646832805e-02
1.0113343600153424e+00
2.1671501034918559e+00
8.9326619878690239e-01
-1.2667287468221633e+00
-1.3401998633817831e+00
2.0535847026009271e+00
-1.7973931146640016e+00
-3.1433593796600494e+00
8.6872062165729569e-02
3.7358726445890844e-01
-3.6839704548628593e-01
3.5724876027724645e-01
-9.0657793101753126e-01
-2.2774702888568429e-01
7.5616709075582689e-01
2.3712744885933827e+00
-1.3815378887770950e-02
1.5651924890300395e+00
-2.2694066154059716e+00
-2.2777654189473830e+00
-6.1473061257496375e-01
-3.1693720391122510e-01
2.2013857758191083e-01
-1.3881210424112405e+00
1.1117215980369954e+00
-2.2638717227037103e-01
-2.2358078381044311e+00
1.3203248894702218e+00
1.5104841508250391e+00
-1.5450323662198773e+00
-1.8199404701484670e-01
-4.6860288185026799e-01
1.2435578200469144e+00
1.5862057315734865e-01
4.0490111596568407e-01
4.4668357053762830e-01
2.4376047495469377e-01
-7.7447026495755356e-01
2.8423582879863976e-02
-2.2378447945676148e-02
3.7698075709734508e-01
-1.3591351003880403e+00
-7.4639666700571916e-01
1.3073758335315961e+00
-1.2362621444919593e+00
-1.0526062244230658e-01
-9.6380865969205287e-01
7.1771637340428873e-01
8.5603615896980645e-01
-1.5535312814612539e+00
-9.2872659411362457e-01
-1.4627985639140659e+00
7.1577314740619269e-01
1.5764961920841511e+00
-2.4501598706377242e-01
2.3827045288414346e+00
1.0103251285785011e+00
3.0395449594972157e-01
4.0068328920903690e-01
1.4914270187380503e+00
1.0929231625284750e+00
-4.6693265427012337e-01
-8.9839076230041703e-01
-3.7688868006272280e-01
5.1417142635148105e-01
7.9016009596202885e-01
-2.5761016556024141e-02
-1.1777399001838245e+00
-1.3786394623620890e+00
-4.6616964868332006e-01
-1.5562619212053463e+00
2.1638500220525278e-01
-1.1265517971347883e+00
1.6137523308359523e+00
1.4579642776926793e+00
-9.1405139181197415e-01
6.0552910150043250e-02
-6.4319685917579317e-01
1.1492464943822454e+00
-3.9604891385357976e-01
-9.4992064586706637e-01
-8.2229563000770234e-01
-4.6743185794083808e-01
-3.5712272785970905e-01
-3.7556159952685952e-01
-1.8754436786038164e+00
1.4868774262137605e-01
7.6346881991580895e-01
-2.5718007837289175e-01
-7.4778502356141396e-01
-3.5744100671193330e-01
4.2829643574183829e-01
-4.4784715333550940e-01
-1.2344527703510308e+00
-6.4018594427415509e-01
-1.9922740420164828e-01
6.4624244999883551e-01
5.9931992116539080e-02
1.2525284774261860e+00
7.4176418074588357e-01
5.6870947999744770e-01
-2.8266976518631115e-01
6.5268238410122059e-01
-9.8533722143291336e-01
1.1925024439904498e-01
-2.0301201289250095e+00
-3.4236926140145330e-01
5.7604688222819112e-01
-1.9113456855184266e-01
-3.2201273968130001e-01
-4.3506563308340668e-01
-1.0331225004700029e+00
-4.4303168647916424e-01
1.2454358328679153e-01
2.2208309982890873e-01
8.3696320977722882e-01
-7.8387566372621964e-01
4.3836939010622006e-01
-1.2205219850587905e-01
-1.3774141829244890e+00
4.7904106212587710e-01
-3.8413438412677103e-01
-1.1003138348275728e-01
-1.0434731498045431e+00
-4.6736429300254567e-02
-1.6903185373164148e-01
-5.2642844568235125e-01
7.4877576438222371e-01
5.6511839219170867e-01
-9.3686398050227315e-01
1.0032007077141636e+00
-1.1037924312118912e+00
7.1872209807162157e-01
-7.3999236607078345e-01
-1.7320244035340485e-01
-1.9481282501184127e+00
-1.7837036505464321e+00
-7.5353195756238378e-01
1.4630899180359553e+00
-1.7313027826019445e+00
-3.3656281293792756e-01
-1.1438227110009360e+00
2.2096946112687479e+00
3.1583404285081623e-01
1.4949018647626471e+00
-5.5983323786305994e-01
4.9829648060914350e-01
-1.2647626275338025e-01
-7.4743823079863425e-01
-1.0665151572491618e+00
-1.8354751392903137e+00
-4.3191060740818965e-01
1.0673826060458371e+00
-3.1577760133016031e-01
1.0586272226170540e-01
1.6560718602075721e+00
1.4276660657796845e+00
5.4748062518913410e-01
1.5912802373658010e+00
-1.1824885244036341e+00
7.1357796071826929e-01
-1.3167293407392622e+00
-7.5212184099475432e-01
2.4790316960231684e+00
6.7798822173300466e-01
1.0806813011455865e+00
-1.1790546078737349e-01
9.3147160013056909e-02
-3.0312874007591377e+00
-3.9337298779579216e-01
2.3251112695576709e-01
-9.9522017211843017e-01
5.8769226493779403e-01
-7.0333742652431719e-01
6.8796370423028663e-01
2.9510021678880860e-01
1.3028629851543463e+00
3.2295071646281948e-01
9.4719885944028637e-02
8.0235539537392231e-01
1.0736978081734707e+00
-2.9479933731845692e-01
-5.3447759346928736e-01
5.9632890169146568e-01
-2.1108494813737515e+00
7.5264848400480788e-01
1.4049201407981884e-01
8.6262683898756753e-01
-2.3427859966605992e-02
7.5172175856792445e-01
-1.8717144200003557e+00
8.4255917485754106e-01
1.1353369721739308e+00
4.6521614237177461e-01
8.3024000416034949e-01
4.9731877170424882e-01
5.4648665589750489e-01
-1.2575023383736672e+00
3.4952836371917005e-02
-9.9556328276765615e-01
2.6947440580911775e-01
-7.5601010138920099e-01
1.6655140967687989e+00
-3.8056949908131466e-01
8.2948600481515355e-01
-1.0639268286648784e+00
2.7181250806937842e+00
3.7708542944369583e-01
5.7519890445518440e-01
-3.3970096646313475e-01
7.6038895503044757e-01
1.3635992923016820e+00
2.9669353940819276e-01
-2.5978731605307028e+00
