Нормальное с масштабом 1.0000 со сдвигом 0.3000
0 1000
-4.5288408714832290e-01
6.3201917766117569e-02
-5.9642795510763225e-01
1.1498424953076376e-01
1.6378637746304179e+00
1.6044454244486297e+00
1.3905690153250749e+00
1.1868376834927630e+00
7.1720064318474230e-01
1.0702204922031548e+00
6.4041991465786696e-01
2.1066863800411935e+00
3.0899862362566211e-01
8.3220209866105566e-02
-6.3847403358401622e-01
4.0573951845241696e-01
7.4249412405421522e-01
9.8195285228347784e-01
9.7208950843057029e-01
1.0724936134556564e+00
-9.8194573715455769e-01
-2.8328287885679027e-01
-2.1511399997126276e-01
-1.9676758623163235e-01
1.4879187626281692e-01
7.8114996003310577e-01
-7.0171984512515917e-01
1.3764297741182998e+00
4.2034495708992548e-01
-1.1181302819293806e+00
-3.7215518572866296e-01
-2.3425135876050923e-01
1.9514187968697687e+00
3.3188938655907607e-01
-1.0311748682963726e+00
-7.6514819693331815e-01
8.2995230029656153e-01
-3.3846636035044786e-01
-4.0912390834541684e-01
-1.2976597225373432e+00
6.0468621944615697e-01
-4.9931290462463829e-01
-8.1209174846972887e-01
6.4037583415057775e-01
-1.2341615026774255e+00
-1.5786851402304567e+00
1.0727327520803420e-01
1.5856832378004335e-01
-2.6989030531019531e-01
8.5714639164881512e-01
9.6585330003350733e-01
1.0739197802742702e+00
-3.6065412387842177e-01
-3.1414189543309579e-01
-1.5832061095055090e+00
5.8426195516485768e-01
3.6948326997159942e-01
-7.7468686053956382e-01
-2.8352121188144930e-01
-1.9341067755778091e-01
1.2615423799516152e+00
1.3742413197169989e+00
7.1719186201468466e-01
1.3159769484767003e+00
-5.4120461546900500e-01
2.3231239959977250e+00
1.1791120016638221e-01
3.1213357407577664e+00
-1.0609578507952332e-01
9.9482549637085782e-01
5.3266566896715983e-01
1.1220509718713542e-01
-1.6211791844953313e-01
1.0233269180705578e+00
2.9275056409387806e-01
6.5119291397314527e-01
2.4164982543811983e-01
1.2974609295830566e+00
3.0789507691011991e-01
-5.6561645012793660e-01
3.4678833423082261e-01
-4.7314229638850230e-01
1.7093475202803634e+00
5.5367881896096827e-01
6.6759740637183507e-01
-2.7440633049259886e+00
3.0895448501074663e-01
-1.3716435800824822e+00
2.9112460488719325e+00
4.7949945131725252e-01
-5.0769950241582884e-01
9.2703199641008138e-01
9.0734538714331259e-01
3.1922747106231270e-01
9.8162503422419811e-01
1.2048725964439064e+00
-2.2648804923344379e+00
-7.6769091750575524e-01
2.4247326931422140e+00
4.8995152839777695e-01
2.2331246747244169e+00
-4.9579188710111871e-01
5.9941009875107798e-01
4.8327186519719934e-01
1.3848649681870127e+00
-4.4774835735134028e-01
3.3225242472191357e-03
5.7642834708350932e-01
5.7105629550959536e-01
-2.6765925651103872e-01
4.0126585773821999e-01
6.8029613733983174e-01
6.8894069042884210e-01
-2.5857976060632409e-01
-2.1930070767359927e-01
1.2840913282988018e+00
-5.2295328099160854e-01
4.6111127308118527e-01
-1.5380855995625518e+00
-1.3600244277363380e-01
1.1919816503701247e-01
-1.3392258967250148e+00
-6.3183968734811802e-01
-1.8154369554554639e+00
7.4831109519766081e-01
5.0224601450441020e-01
1.3621184381612881e+00
-1.0436660211564601e+00
1.5077485397169372e+00
-4.6927599101218426e-01
4.8481799453254620e-01
2.2965704652086066e-01
-5.2657332673983881e-01
-6.7982723913877552e-01
1.0433044881501679e+00
1.8553059668759481e-01
-2.1302818155332348e+00
-1.7387005312266037e+00
-9.3472221004772704e-01
3.0876141247981431e-01
-2.3691908013919027e-01
3.5559144993635455e-01
-9.2596799323149159e-01
1.3471312171063823e+00
1.2116766647363080e+00
6.1830422063831325e-01
5.4925810766855165e-01
7.2409603684380297e-01
-3.2046953762807622e-03
2.0905606428681969e+00
1.0590094288086438e+00
-8.4700027304373904e-01
5.4526903800757054e-01
9.7653333724536517e-01
-8.6040928442981202e-01
-8.8649918578059628e-01
1.8621160766408522e+00
-8.8400335282902032e-01
2.2301004574700700e+00
9.6709995456777709e-01
-1.4465659527982559e+00
2.3338008871125737e-01
1.3837318903155498e+00
1.2260859169413423e-01
1.0622940412411634e+00
1.6021382635724810e+00
-2.9076067830087304e-01
6.4316250439244449e-01
1.0833537726640186e+00
1.6513024268159837e+00
1.1560465605106423e+00
2.8570553843274238e-01
2.1622601398556809e-01
6.3528474342301666e-01
-1.9702710587872601e+00
2.8964934938879550e-01
9.0781276085468166e-01
3.2139767661356017e-01
-1.8727402134090715e-01
5.4251596201577892e-02
9.4825682123169747e-02
-1.0749960374891150e+00
4.8669431583694694e-01
-1.9633965687590216e-01
7.4569184568418323e-01
8.8048248463856238e-01
-8.6216261904026800e-02
5.5436281369177931e-01
2.2992845961886945e+00
-1.6553863619304560e-01
2.2305896595269163e+00
-4.7373447378759752e-02
1.8408222116432496e+00
-4.1152833336229450e-01
1.5879316620976558e+00
-1.2771100038080602e-01
6.9026437706976063e-01
-8.3531719302437235e-01
-3.1781652847439790e-01
5.0076169917334890e-01
6.2400534126328476e-02
2.8247498945425525e-01
1.0270972921400622e-01
5.7766962512263120e-01
5.6157161308501724e-01
-1.1675770906990441e+00
-1.6174487349779235e-01
1.9128733910042761e-03
-5.2329005165487419e-01
1.2429167499603990e+00
6.6223026822559916e-01
5.4777065823538329e-01
2.3840391314511016e+00
2.4324082154954798e+00
-6.0481304845695014e-02
-3.4273007267194999e-01
1.1649519539633473e+00
-2.1934706476101173e-01
9.6979837064139451e-01
-1.4389342490013939e+00
-2.8162203735743419e-01
7.2938311675741752e-01
-4.9184106545223827e-01
5.1401997083125484e-01
-1.1691433516303851e+00
1.5356630447807680e+00
9.0794393652035299e-01
2.5095330812750096e+00
-5.0056863863132661e-01
3.8048764003009317e+00
1.0252842382805749e+00
-1.5008142348932391e-01
-4.9291946297166628e-01
4.4412025953188761e-01
-6.7816319882830356e-01
4.6916537782472228e-01
1.4054665867179568e+00
-1.7222532872509771e-01
1.8905442395234602e+00
7.1139211240810052e-01
-1.3848022724778351e+00
5.9597576356134196e-01
-1.0056047185552222e+00
-1.5924821230487701e-02
-1.0010064203519264e+00
1.6929667188199495e+00
-4.9521432053874825e-01
-2.0850118053538474e-01
1.5275823076509645e+00
1.2281233072172335e-01
4.9173106907656899e-01
9.4849257823614108e-01
4.0237200304500717e-02
-1.7213485286788668e-01
-1.0998659522961282e-03
-6.6737159689438452e-01
2.1801298135008147e+00
-1.6006263689136764e+00
2.7518780119814186e+00
3.2188552781514368e-01
1.6420315186364220e+00
-1.8114122045235043e-01
-2.6404238224487248e-03
7.5474210562180122e-01
3.2788574499661055e-01
6.6750321671182984e-03
-1.3592619412911979e+00
6.9411842671385282e-02
7.0233497697231551e-01
-9.1174469866940910e-01
2.0949091184657956e-01
3.7348630299646185e-01
1.6437902847311292e+00
-1.5795029230050026e+00
-3.0802651633657131e-02
-4.5867523831665985e-01
2.6145286163164556e+00
9.0618912361880022e-01
-5.6177159787799547e-01
8.3931859686972587e-01
2.9933837577918887e-01
-2.6800969455908769e-01
7.8254536269002961e-01
8.3606310382602056e-01
-1.5667583580491200e+00
3.6066150790035012e-01
1.2193948727412174e+00
2.2701364574613963e+00
1.1120601807156136e+00
-8.5157158802014821e-01
-9.1836351208916867e-01
2.1668951841883648e+00
-1.3339937401689488e+00
-2.5575994480024220e+00
3.7897460210713685e-01
6.3962478601742279e-01
-3.4906405150284897e-02
6.2477160045426205e-01
-5.2416175547053878e-01
9.2957246467559596e-02
9.8742462796971309e-01
2.4557040805094634e+00
2.8744056464749657e-01
1.7229022627800890e+00
-1.7630969231223248e+00
-1.7706958354114841e+00
-2.5884601149879599e-01
1.1875269172302355e-02
5.0012597961991656e-01
-9.6192822035719538e-01
1.3106559982142436e+00
9.4193479754208179e-02
-1.7325525807243762e+00
1.5002953540699324e+00
1.6731674098383280e+00
-1.1045748783821401e+00
1.3455086645327119e-01
-1.2600261992943354e-01
1.4305071093484403e+00
4.4420052105213464e-01
6.6809192362741998e-01
7.0607597326645000e-01
5.2160043177698023e-01
-4.0406387724091081e-01
3.2583962079986628e-01
2.7965595641307700e-01
6.4270977931480522e-01
-9.3557736415056547e-01
-3.7854242456257220e-01
1.4885234850298890e+00
-8.2387467681087201e-01
2.0430852506314084e-01
-5.7618969062909886e-01
9.5246943038725695e-01
1.0782146899733858e+00
-1.1123011649862953e+00
-5.4429690373964146e-01
-1.0298168762851956e+00
9.5070286129870962e-01
1.7331783564705574e+00
7.7258193578388618e-02
2.4660950262159838e+00
1.2184773896168153e+00
5.7632226904505990e-01
6.6425753566442325e-01
1.6558427443050752e+00
1.2935665113894412e+00
-1.2448423121914379e-01
-5.1671887481866541e-01
-4.2626072920354439e-02
7.6742856949690808e-01
1.0183273599702589e+00
2.7658089404006053e-01
-7.7067263653637819e-01
-9.5330860212192825e-01
-1.2379058977610279e-01
-1.1147835647550897e+00
4.9671363836841037e-01
-7.2413799775321697e-01
1.7670475735209656e+00
1.6254220706287148e+00
-5.3095581073818054e-01
3.5504810013633387e-01
-2.8472441748488247e-01
1.3447695403752038e+00
-6.0044467157386684e-02
-5.6356422351547619e-01
-4.4754148182734821e-01
-1.2493805273829602e-01
-2.4657025530039609e-02
-4.1419636073535236e-02
-1.4049487987307365e+00
4.3517067511033974e-01
9.9406256356835088e-01
6.6199928751916590e-02
-3.7980456688562253e-01
-2.4946369939940191e-02
6.8936039616635669e-01
-1.0713377564919273e-01
-8.2222979122820994e-01
-2.8198722212132155e-01
1.1888417814970759e-01
8.8749313641332650e-01
3.5448362919678417e-01
1.4386622522107522e+00
9.7433107341834124e-01
8.1700861826500815e-01
4.3027486194262499e-02
8.9334762195764739e-01
-5.9576111039352408e-01
4.0840931309002226e-01
-1.5455637535009343e+00
-1.1244783090880289e-02
8.2367898392716565e-01
1.2624130144340576e-01
7.2611457451456198e-03
-9.5514211712167549e-02
-6.3920227315453415e-01
-1.0275607848188914e-01
4.1322143935161476e-01
5.0189372711718716e-01
1.0608756452534795e+00
-4.1261423975661882e-01
6.9851762741380363e-01
1.8904345592317212e-01
-9.5219471172271086e-01
7.3549187473152500e-01
-4.9213076490972181e-02
1.9997146957389550e-01
-6.4861195436775543e-01
2.5751233700030279e-01
1.4633467850122653e-01
-1.7857131434565354e-01
9.8070524035886864e-01
8.1374399298797007e-01
-5.5169452772930994e-01
1.2120006433764936e+00
-7.0344766473808085e-01
9.5338372553905582e-01
-3.7272033280504385e-01
1.4254323612599532e-01
-1.4710256819249385e+00
-1.3215487731042537e+00
-3.8502905233983487e-01
1.6300817436678612e+00
-1.2739116205495091e+00
-5.9661935782551424e-03
-7.3983882829492287e-01
2.3088132829573884e+00
5.8712185713692344e-01
1.6590016952364286e+00
-2.0893930723589077e-01
7.5299680063492691e-01
1.8502157933758329e-01
-3.7948930073771736e-01
-6.6955923386286820e-01
-1.3686137629912081e+00
-9.2646006532867239e-02
1.2703478236780332e+00
1.2929453336870060e-02
3.9623883841969815e-01
1.8055198729359312e+00
1.5978782416177002e+00
7.9770965935213300e-01
1.7466183976395226e+00
-7.7498956764297244e-01
9.4870723703768955e-01
-8.9702667311406248e-01
-3.8374712818773316e-01
2.5536651780765682e+00
9.1635292888338227e-01
1.2824375464959801e+00
1.9281321748289951e-01
3.8467923655477848e-01
-2.4557158188000874e+00
-5.7611807103478699e-02
5.1137375177796340e-01
-6.0474561101672597e-01
8.3426569547718887e-01
-3.3939766050136078e-01
9.2542154933108267e-01
5.6827292435334875e-01
1.4844208955954590e+00
5.9359156042053662e-01
3.8610898741199079e-01
1.0294139957980573e+00
1.2760889165213365e+00
3.2000602437766541e-02
-1.8588872142537660e-01
8.4211718343149333e-01
-1.6189540739762451e+00
9.8422589456040033e-01
4.2772001279983118e-01
1.0842062172621070e+00
2.7870194548496657e-01
9.8338341689069797e-01
-1.4015585636366861e+00
1.0659628862353685e+00
1.3321245203466872e+00
7.2292376585566598e-01
1.0547636401475216e+00
7.5210797435734356e-01
7.9680605090527457e-01
-8.4318394437485911e-01
3.3177530579259557e-01
-6.0505752978874949e-01
5.4497673255369394e-01
-3.8728191036372139e-01
1.8141037243517526e+00
-4.5972271902720518e-02
1.0540781861973800e+00
-6.6720620787715634e-01
2.7710227989951028e+00
6.4280493599299671e-01
8.2290809504288276e-01
-8.8190604195373095e-03
9.9126268640038950e-01
1.5396357205786289e+00
5.6972139946187550e-01
-2.0617028732097196e+00
-9.2589273515830503e-02
2.5974828268412076e-01
9.3030785376607883e-01
-2.3047094283347558e-01
2.0740387764784018e+00
1.1891272566937272e+00
-1.2176283085015870e-01
-1.8731426126533859e-01
2.4025534749465546e-01
3.6461710606160708e-01
-9.1933748536453563e-01
-2.1556072195033860e+00
-2.5310396838084237e-01
1.1866320042684995e+00
1.4554358395917035e+00
2.1962488067195824e+00
-1.7421213743190243e-02
1.1681551641439654e+00
1.7817467653201449e-01
5.1867921748565449e-01
-5.9736893460291240e-01
-3.8799135406154284e-01
1.5737001685214227e+00
-4.6314269990197598e-01
-4.9086169695727805e-01
1.3860952821878587e+00
-1.3788472043060391e+00
-9.5606294431844241e-01
2.7694237254819494e+00
9.8706566984081978e-01
1.8834329585080558e+00
-2.6160300795838548e-01
-1.9256318153552252e-02
-4.0469175266429497e-01
2.3700005880111635e-01
-5.3403672391098467e-01
2.2687543631819072e+00
1.4703840752340320e+00
2.0151223445358077e+00
1.0158175003330401e+00
-1.1987970933009466e+00
1.7215731910782112e-01
1.6472664422963696e+00
1.2107524387911612e+00
9.9797310118098748e-01
-1.9011068068970416e+00
9.7106978489220852e-01
-7.7215962026058738e-01
-6.9579135554977606e-02
-4.1434507225618183e-01
2.5895257820436872e+00
-1.9222254091624363e-01
1.3984636598616222e+00
4.0827578972321760e-01
4.3002031322709094e-01
-5.4083137861866382e-01
-5.8599161739597105e-01
-1.5968449959288376e+00
-5.7708303433480157e-01
1.7260115580313553e+00
-6.3210994945382681e-01
-1.6094484615745352e-01
-1.9285180838857552e+00
-1.7227156259376859e+00
2.4881058742127099e-01
-1.4252151072937962e+00
1.5012368436772257e+00
-8.0733318640229745e-01
1.6462370584345334e-01
4.9496007638077155e-01
5.4016629081518197e-01
1.8471860036953889e+00
-8.3231654037990899e-01
1.6218181191811083e+00
-1.2055450833383812e-02
3.7632224867678632e-01
6.8864056258267581e-01
-1.7786414532484922e+00
2.5712521499105673e-01
-5.1887116626493868e-01
3.1655134454982403e-01
4.7447915390655393e-01
2.1623654318166799e-01
-7.6777156999375995e-01
-2.5943215822034116e-02
1.4820554108640149e+00
-3.0875856268002411e-01
6.7841777054797839e-02
2.1916772455015532e-01
1.2104818130939756e+00
-1.5257071588823854e+00
6.8562152615569993e-01
-2.4204089688031266e-01
1.0552182112919006e-01
7.2934015922731765e-01
-3.3843985612456040e-01
1.0087494245311606e+00
3.7791347053703939e-01
-1.5073293098519476e+00
1.7552480734183984e+00
1.4861492360235153e+00
-3.1855349075290645e-01
1.3400885652441124e+00
-9.9617112514583250e-01
7.7647980846774656e-01
1.8451676835220410e+00
1.2217991958337615e-01
2.2405198459833642e-01
-1.3210969372988157e+00
-2.9068119345521914e-01
-5.9738488711854831e-01
-8.6391676678843876e-01
-6.6179305235163510e-01
-9.2272439685010654e-01
1.3675513527121235e+00
8.4688303654624819e-01
6.6264703466598396e-01
-3.7405237880725783e-01
1.5306092842494856e+00
-9.4963301008430112e-01
1.2042249182051565e-01
-8.5365606697383711e-01
1.2233212342982238e+00
2.4198751488309895e+00
-1.4238550470648816e+00
-1.5276797218270939e+00
4.1196274218219431e-01
-7.7007304602989413e-01
3.1852228301123636e-02
-2.5989216217376141e+00
-2.2509515455635150e+00
4.2414703640295731e-01
4.5819518485987296e-02
-2.8668953715919754e-01
-5.4975469278791755e-01
-3.2317013533706174e-01
1.0298865521215377e+00
1.1564049639185237e+00
1.5308552324355937e-01
1.4221460521372886e+00
1.3165842426628440e+00
1.5396455697705083e-01
8.3816798694942274e-01
-2.2074543087484060e-02
-9.5446409494340256e-01
2.0027420362393182e+00
1.9181780818075012e+00
2.0155652174066516e-01
5.4725953189259630e-02
3.2294987671242475e-01
1.9079285030593169e+00
-1.9605612950531877e+00
1.7916290920182891e+00
-6.0544430210449574e-01
-1.2643552369242748e+00
1.5513845933147938e+00
1.3306653784490883e+00
7.0265086047216141e-01
-2.9666364986591048e-01
1.7780133915014713e-02
4.6673696215105942e-01
1.4169412789436937e+00
1.3721873621255434e+00
-2.3899611840949447e-01
8.2861862907112038e-01
7.9352045556676043e-01
1.7796754338282139e+00
6.5999516963063298e-01
2.4698139317931186e-01
4.6854244018424002e-02
-1.2952929871940542e+00
-1.0738498498063267e+00
5.5831955255272747e-01
-6.2324214432697300e-01
-4.2558151743091160e-02
-5.8860011033010506e-01
1.3545481515198019e+00
7.9484498442987672e-01
1.8792313646747170e+00
-4.6758238759058335e-01
6.6423879126026797e-01
-1.6956566145403673e+00
2.1465106497556694e+00
5.9305725805559495e-01
1.6095374801257036e+00
1.0209810761992533e+00
4.4466384484516330e-01
-1.5896068098678739e+00
1.3989250029474014e+00
7.6988332097661094e-01
2.0905311090470051e+00
-6.7637217118808368e-01
2.6954409316523825e-01
1.2623272248715729e+00
1.5948838241332650e+00
-1.3068875261598401e+00
-8.8328300424711548e-01
-7.6076294135918354e-01
1.3782151245136736e+00
1.8678136848343838e+00
6.0061485664685210e-01
1.7066370429690587e+00
1.4785147655748618e+00
2.5033350029615986e-01
6.6862555255048151e-01
1.0355621729002217e-01
-7.9781577694286698e-01
1.1817629362813644e+00
-1.6444027319686758e+00
-1.3724376800923257e+00
3.8811395189578718e-01
1.0221714502931040e-01
7.2891820202659063e-01
1.6623188929367883e+00
-2.4422777065327552e+00
6.2349521115653794e-01
-6.0086090690827287e-01
6.2664682969499474e-01
6.5125517771926045e-01
2.3981720680127969e-02
-3.4572125355735928e-01
1.0355053903084199e+00
-3.4788563427318275e-01
9.9823076870990302e-01
8.2047922694448183e-01
1.0405411965561842e+00
7.8943860112267639e-01
-5.8249356329471869e-01
2.0170128236113805e-01
1.6805339048755941e+00
4.7383152414317625e-01
8.1984430788184925e-01
8.7285926919111956e-01
2.6331614633164524e-01
1.2031647742258162e+00
-2.5818721441674564e-01
9.2437912089818108e-02
7.9370140424397961e-01
8.6630091338306270e-01
-1.2867016342164397e+00
-6.8673948571979004e-01
5.9211672706483323e-02
1.1223949034263696e+00
-5.0038161121027247e-01
1.1306572868270970e+00
4.9688732224175386e-01
-9.5681491132423802e-01
-1.8437465624195681e-01
1.1002260651604854e+00
-5.8737229567358040e-01
-1.1067854989296459e-01
1.3341048773504776e+00
8.0720502072804112e-01
-8.6430372500014274e-01
-9.7224911684829063e-01
-5.8877731722578552e-01
5.6801299707913122e-01
1.0670237558587536e+00
2.2115528121443678e-01
2.1502518324644178e+00
1.5503553226642024e+00
2.2477477798479795e+00
-1.6368266055973985e-01
-7.0830200659568832e-01
1.7307654440027653e+00
5.7881768143936863e-01
1.6031352134908722e-01
-1.1053366006555260e-02
9.0017169099192840e-01
-3.8283318638940572e-01
8.2766784965865603e-01
-3.9463743745553376e-01
1.9870538260474799e-03
1.1654484930503222e+00
1.2657094907740390e-01
-3.4038765273228556e-02
-1.4533835969820375e+00
-1.5840772593992716e+00
6.7177051382689745e-01
5.4050832943621263e-01
-1.1919093642920142e-01
1.3613619854693884e+00
-7.5631396690837083e-01
2.2669060285992497e+00
-9.3572030122083105e-01
-1.0156765211897190e+00
1.2163675263031470e+00
-8.1436060552310119e-01
8.3460532024239764e-01
-1.9722502327500944e+00
1.6259535042677034e+00
7.8727717715281864e-01
-3.3395698957599346e-01
-9.5322688644285847e-01
8.1875723283344382e-01
-1.3362328881913856e+00
6.9753853464644122e-01
-4.0235218072575313e-01
1.1219846811642191e-01
-5.0357826205668066e-01
2.9420242775697691e-01
1.9827691507867697e+00
2.1866005874628014e-01
8.1230290567124247e-02
9.7188164505251320e-02
1.0909712964919853e+00
1.4251726116904304e+00
3.1388777820721148e-01
-6.8415892175915249e-01
-3.0540167131454016e-01
-4.7811005601514611e-01
7.2702339083425493e-01
6.6207479856972784e-01
1.0318800115652791e+00
-2.7290702086391696e+00
1.9748503281306079e-01
-2.4058379639788150e+00
2.0478158542028604e+00
4.8336621773742744e-01
7.5604305291238127e-01
-6.8550515403367518e-01
1.5853245867800509e+00
5.2141140484746962e-01
3.6066757937092830e-01
-3.7633769474115852e-01
-7.1140497370741218e-01
1.2355334385404961e+00
9.4423323294257788e-01
-1.0876515475938426e+00
9.4218629181593694e-01
-1.1785238512764691e+00
2.0754604747416160e-02
8.1517815201643018e-01
-3.3214071712689452e-01
3.9683819054853287e-01
-9.5180037754395197e-01
9.5690604982247718e-01
4.4527779693201425e-01
-3.4486500522488073e-01
-4.4450917213916925e-02
2.1237545954317438e-01
-1.3049741225742453e-01
3.1225274168391731e-01
4.8128008695514429e-01
4.0396647852098488e-01
5.4171952329293827e-01
6.1174608278087050e-01
1.2983389379250907e+00
-6.9137149688905486e-01
9.4762709696367309e-01
-5.1468331784990462e-01
-6.4225003771939637e-01
2.1003270836716245e-01
-2.2575360975167613e+00
1.4216327392032357e-01
1.3596669394068144e+00
2.3049018717712749e-01
-3.4645358015430205e-01
4.1893744507528702e-01
-4.5958157109862097e-01
2.8829091590869194e-01
3.9498809566830273e-01
-5.0764461817182027e-01
-1.2902550590960518e+00
5.4929457426513439e-01
3.1174685408479782e-02
-3.7771975689247700e-01
-4.6343362257876131e-01
1.2470012542906835e-02
-4.3691206216310990e-01
1.9471461189688377e+00
-1.2746162742915192e+00
-9.7958799575430566e-01
9.2533188981884318e-01
1.4671751638266903e+00
4.0498260628311378e-01
1.5535126885395951e+00
1.6735190230229053e+00
1.2266841970879556e+00
3.7288146761096164e-01
-3.1557491200912552e-01
1.3099942611074276e+00
1.2198469128089161e-01
-7.1893365965711309e-01
3.4397733082068177e-01
-5.0739728917296623e-01
2.1973922812182042e-01
-6.2809530895417731e-01
-1.0696647277372597e+00
1.1695019119853509e-01
-6.7571866155104365e-01
-1.6774336856247407e-01
-5.1372740940728645e-01
-7.6805382258175584e-02
-3.6172638128599671e-01
-2.4003415767798897e+00
-1.0932885170908486e+00
1.3260552306511506e+00
-8.1675631145025751e-01
1.7263845670017655e-01
6.5933652927158848e-01
2.5073781989211430e-01
-8.0268960260336863e-01
1.3982606906405168e+00
-7.4196470577897167e-01
-1.0588321113318822e+00
7.0129802334035762e-01
-1.8768027264220757e+00
-7.6112655953719921e-01
-1.0131768349184149e+00
-2.7201280103738662e-01
-1.2333590792604845e+00
-5.1507981854155627e-01
1.3019635255219026e+00
9.2239761641846540e-01
2.4289588925973279e-01
-6.7650159192209647e-01
-7.0562578892974404e-01
-3.3893260611188702e-01
2.0122199528907467e+00
6.9626597618655861e-01
-5.5373880873796610e-01
-4.1118390654604708e-02
1.1950837845436828e+00
-6.6549259315921916e-01
8.1381403099837701e-01
1.0198762957507115e+00
9.8197619060428909e-01
9.0008103639750414e-01
2.2369200742659670e-01
1.8965006731458152e+00
3.3297025018230175e-02
-4.3859959668814719e-01
8.8444430568548626e-01
-2.9701738929360494e-01
1.1722498438966744e+00
9.3044987513549382e-01
-6.7032326094163786e-01
1.0842159214052693e+00
-4.6169226313467326e-01
-4.6074566341858297e-01
1.6529500921603177e+00
2.8325392820545064e-01
-1.8792128128832891e-01
9.9459504145287192e-01
-9.1047628343381737e-01
1.5493092227686514e+00
-1.3827015779783278e+00
-3.7773266280233603e-01
9.9232959569757917e-01
1.4118716063611167e-01
7.1815768568879867e-01
-1.3501255508298076e+00
-1.7753988126380065e+00
9.7143012801610895e-01
6.7083530067107799e-01
4.3883615863760245e-01
-1.3334437362029377e+00
-8.1841925954657790e-01
1.6600404370965010e+00
4.8861708915111310e-02
1.8067629726337022e+00
1.3127515835751274e-01
-1.0135655725612691e+00
6.5079512580321086e-01
-1.0117396774302305e+00
5.2259222007397133e-01
2.5842587489443269e-01
-1.6671213927520986e-01
-5.2977126025856625e-01
2.6269026255782953e-03
1.1541294667643984e+00
5.8148205514520301e-01
-8.3413192684184689e-01
8.5746332956832016e-01
1.1552147373962129e+00
-2.7200875940154851e-01
-9.7875006499092487e-01
1.4196224310870240e+00
-4.4263208396483622e-01
5.6335560727817466e-02
-2.9268358495109903e-01
1.4251318993685607e+00
1.4720518907720961e+00
1.1893707013031962e+00
1.5843958106015334e+00
1.1964788171455227e+00
-5.1601606181357218e-01
6.4867696500955152e-01
2.3895312819356246e-01
1.6478629225661985e+00
-1.3012872695626867e+00
8.1729209151300297e-01
-1.6765935463337993e+00
1.5027433895400024e+00
8.2626707343389472e-01
-7.8523654343809490e-01
8.0772800466745087e-01
-2.3595287223530759e-01
7.2424407720342965e-01
