Нормальное с масштабом 1.3000 со сдвигом 0.0000
0 1000
-9.7874931329281944e-01
-3.0783750690399947e-01
-1.1653563416379786e+00
-2.4052047574374477e-01
1.7392229069143110e+00
1.6957790514576219e+00
1.4177397199225974e+00
1.1528889885362605e+00
5.4236083613991348e-01
1.0012866398641014e+00
4.4254588905504388e-01
2.3486922940544539e+00
1.1698210713360484e-02
-2.8181372711353575e-01
-1.2200162436592390e+00
1.3746137392624116e-01
5.7524236127025374e-01
8.8653870796852019e-01
8.7371636095974015e-01
1.0042416974923534e+00
-1.6665294576781080e+00
-7.5826774251377582e-01
-6.6964819996242853e-01
-6.4579786210084122e-01
-1.9657056086128960e-01
6.2549494804287531e-01
-1.3022357986626505e+00
1.3993587063537900e+00
1.5644844414204395e-01
-1.8435693665044373e+00
-8.7380174144725875e-01
-6.9452676638850963e-01
2.1468444355038492e+00
4.1456202526878212e-02
-1.7305273286499847e+00
-1.3846926560133137e+00
6.8893799038544934e-01
-8.3000626845557246e-01
-9.2186108084904117e-01
-2.0769576393045317e+00
3.9609208527990364e-01
-1.0391067762361204e+00
-1.4457192730106474e+00
4.4248858439556732e-01
-1.9944099534806494e+00
-2.4422906829167710e+00
-2.5054474240782743e-01
-1.8386117906855090e-01
-7.4085739690318253e-01
7.2429030914341164e-01
8.6560929004355813e-01
1.0060957143565510e+00
-8.5885036104194412e-01
-7.9838446406300301e-01
-2.4481679431342691e+00
3.6954054171425760e-01
9.0328250939940236e-02
-1.3970929187014327e+00
-7.5857757544583293e-01
-6.4143388082482156e-01
1.2500050939275043e+00
1.3965137162096681e+00
5.4234942061883840e-01
1.3207700330221275e+00
-1.0935659998910325e+00
2.6300611948024213e+00
-2.3671543990204644e-01
3.6677364624433633e+00
-5.2792452081968277e-01
9.0327314528211466e-01
3.0246536965730597e-01
-2.4413337380584221e-01
-6.0075329398397259e-01
9.4032499349172449e-01
-9.4242666779643571e-03
4.5655078816488326e-01
-7.5855226919324809e-02
1.2966992084581617e+00
1.0263599983155826e-02
-1.1253013851270721e+00
6.0824834494605524e-02
-1.0050849853050527e+00
1.8321517763617623e+00
3.2978246464924427e-01
4.7787662828315264e-01
-3.9572823050191084e+00
1.1640830513970845e-02
-2.1731366539755035e+00
3.3946198635343161e+00
2.3334928662856533e-01
-1.0500093531407158e+00
8.1514159533309805e-01
7.8954900328629207e-01
2.4995712381012097e-02
8.8611254449145649e-01
1.1763343753765065e+00
-3.3343446400347703e+00
-1.3879981927574816e+00
2.7621525038429211e+00
2.4693698683842519e-01
2.5130620771417420e+00
-1.0345294535066520e+00
3.8923312837631302e-01
2.3825342467419336e-01
1.4103244586431167e+00
-9.7207286455674180e-01
-3.8568071847963076e-01
3.5935685120851840e-01
3.5237318416243851e-01
-7.3795703346427544e-01
1.3164561500233848e-01
4.9438497854153390e-01
5.0562289755724132e-01
-7.2615368878812880e-01
-6.7509091997548065e-01
1.2793187267884556e+00
-1.0698392652892192e+00
2.0944465491678990e-01
-2.3895112795102595e+00
-5.6680317560521087e-01
-2.3504238556371651e-01
-2.1309936658329933e+00
-1.2113915935525710e+00
-2.7500680420938579e+00
5.8280442375674102e-01
2.6291981878473886e-01
1.3807539698559219e+00
-1.7467658274165974e+00
1.5700731016320508e+00
-1.0000587883158394e+00
2.4026339281089845e-01
-9.1445839503020820e-02
-1.0745453247619150e+00
-1.2737754108804134e+00
9.6629583459521839e-01
-1.4881022426474841e-01
-3.1593663611836700e+00
-2.6503106908805520e+00
-1.6051388731403766e+00
1.1389836223758816e-02
-6.9799480418080273e-01
7.2268884906235079e-02
-1.5937583913160422e+00
1.3612705823133910e+00
1.1851796641569803e+00
4.1379548682967465e-01
3.2403553996910600e-01
5.5132484789669733e-01
-3.9416610398875140e-01
2.3277288357314583e+00
9.8671225745123736e-01
-1.4911003549568618e+00
3.1884974940983352e-01
8.7949333841897348e-01
-1.5085320697587563e+00
-1.5424489420755101e+00
2.0307508996331163e+00
-1.5392043592927804e+00
2.5091305947110891e+00
8.6722994093810801e-01
-2.2705357386373604e+00
-8.6605884658348967e-02
1.4088514574102158e+00
-2.3060883089295831e-01
9.9098225361351255e-01
1.6927797422946083e+00
-7.6798888179109270e-01
4.4611125570998833e-01
1.0183599044632239e+00
1.7566931547979905e+00
1.1128605286134305e+00
-1.8582800037463414e-02
-1.0890618178865427e-01
4.3587016644974969e-01
-2.9513523765941936e+00
-1.3455845794578758e-02
7.9015658911107223e-01
2.7816979597636685e-02
-6.3345622774286070e-01
-3.1947292493787394e-01
-2.6672661350259153e-01
-1.7874948487101170e+00
2.4270261050757730e-01
-6.4524155393839056e-01
5.7939939938921692e-01
7.5462723003010268e-01
-5.0208114047441021e-01
3.3067165779929819e-01
2.5990699740030765e+00
-6.0520022705055265e-01
2.5097665573849932e+00
-4.5158548159167039e-01
2.0030688751362611e+00
-9.2498683337098264e-01
1.6743111601943670e+00
-5.5602430049451168e-01
5.0734369019043535e-01
-1.4759123509316840e+00
-8.0316148701669798e-01
2.6099020885335900e-01
-3.0887930563572313e-01
-2.2782513709516828e-02
-2.5647735222919521e-01
3.6097051265937496e-01
3.4004309701049984e-01
-1.9078502183388517e+00
-6.0026833554670833e-01
-3.8751326459280083e-01
-1.0702770671514643e+00
1.2257917752964353e+00
4.7089934869305450e-01
3.2210185570598843e-01
2.7092508708863123e+00
2.7721306812996698e+00
-4.6862569629862844e-01
-8.3554909447352654e-01
1.1244375401252040e+00
-6.7515118418911679e-01
8.7073788183381118e-01
-2.2606145237008399e+00
-7.5610864856461046e-01
5.5819805178440107e-01
-1.0293933854319730e+00
2.7822596201805633e-01
-1.9098863574890479e+00
1.6063619582151889e+00
7.9032711747644491e-01
2.8723930046790329e+00
-1.0407392304286658e+00
4.5563393203706397e+00
9.4286950976474748e-01
-5.8510585053565511e-01
-1.0307953021871179e+00
1.8735633730413140e-01
-1.2716121584768005e+00
2.1991499108478113e-01
1.4371065627333439e+00
-6.1389292734224710e-01
2.0677075113805028e+00
5.3480974613027632e-01
-2.1902429541633324e+00
3.8476849262966373e-01
-1.6972861338092438e+00
-4.1070226760055267e-01
-1.6913083460978353e+00
1.8108567344574060e+00
-1.0337786169848360e+00
-6.6105153469576361e-01
1.5958569999463708e+00
-2.3034397015614111e-01
2.4925038972187422e-01
8.4304035170697922e-01
-3.3769163960401560e-01
-6.1377530872787278e-01
-3.9142982573758828e-01
-1.2575830757943984e+00
2.4441687575395274e+00
-2.4708142813281841e+00
3.1874414162439826e+00
2.8451186159696183e-02
1.7446409741372852e+00
-6.2548358658771230e-01
-3.9343255096877422e-01
5.9116473730813368e-01
3.6251468495614683e-02
-3.8132245818357097e-01
-2.1570405234047332e+00
-2.9976460452716602e-01
5.2303547006375384e-01
-1.5752681084795683e+00
-1.1766181456480440e-01
9.5532193868205662e-02
1.7469273700662304e+00
-2.4433538005509274e+00
-4.3004344712313564e-01
-9.8627780981165802e-01
3.0088872012113863e+00
7.8804586070442562e-01
-1.1203030771884304e+00
7.0111417593057479e-01
-8.6011142720600136e-04
-7.3841260292673960e-01
6.2730897149687836e-01
6.9688203497375401e-01
-2.4267858657163845e+00
7.8859960255425368e-02
1.1952133345635212e+00
2.5611773950125425e+00
1.0556782349302976e+00
-1.4970430644261921e+00
-1.5838725658750430e+00
2.4269637393459051e+00
-2.1241918616960356e+00
-3.7148792811171498e+00
1.0266698270625790e-01
4.4151222182246808e-01
-4.3537832669472498e-01
4.2220308059039297e-01
-1.0714102821118270e+00
-2.6915557952451086e-01
8.9365201636062597e-01
2.8024153046612708e+00
-1.6327265958275022e-02
1.8497729416135860e+00
-2.6820260001624434e+00
-2.6919045861051978e+00
-7.2649981494834293e-01
-3.7456215007659555e-01
2.6016377343347397e-01
-1.6405066864860109e+00
1.3138527976797809e+00
-2.6754847625099409e-01
-2.6423183552909095e+00
1.5603839602909326e+00
1.7851176327655445e+00
-1.8259473418896770e+00
-2.1508387365666376e-01
-5.5380340590772303e-01
1.4696592421529728e+00
1.8746067728043109e-01
4.7851950071541249e-01
5.2789876524612911e-01
2.8808056125320286e-01
-9.1528304041318309e-01
3.3591507039842594e-02
-2.6447256663073418e-02
4.4552271310905855e-01
-1.6062505734711219e+00
-8.8210515193134176e-01
1.5450805305388646e+00
-1.4610370798541332e+00
-1.2439891738035580e-01
-1.1390465978018038e+00
8.4821025950343065e-01
1.0116790969654017e+00
-1.8359915144772261e+00
-1.0975859746817305e+00
-1.7287619390289615e+00
8.4591371968831930e-01
1.8631318634119527e+00
-2.8956434829207089e-01
2.8159235340067270e+00
1.1940206065017878e+00
3.5921894975853441e-01
4.7353479636352230e-01
1.7625955675443994e+00
1.2916364648063701e+00
-5.5182950058434288e-01
-1.0617345372643976e+00
-4.4541389479576887e-01
6.0765714034579343e-01
9.3382556796133631e-01
-3.0444837748031018e-02
-1.3918744274972921e+00
-1.6293011827915593e+00
-5.5092776670838828e-01
-1.8392186341772081e+00
2.5572772980430181e-01
-1.3313793970769845e+00
1.9071618455777914e+00
1.7230486916533507e+00
-1.0802425535565119e+00
7.1562530166604396e-02
-7.6014174273029800e-01
1.3582004025263035e+00
-4.6805780730382940e-01
-1.1226334905239923e+00
-9.7180392637555280e-01
-5.5241946855924173e-01
-4.2205413318847484e-01
-4.4384552689491080e-01
-2.2164334383351298e+00
1.7572187755940066e-01
9.0228133263885602e-01
-3.0394009262246818e-01
-8.8374593695130765e-01
-4.2243028092134316e-01
5.0616851501601068e-01
-5.2927390855378686e-01
-1.4588987285966728e+00
-7.5658338875766507e-01
-2.3545056851878682e-01
7.6374107733730101e-01
7.0828717945594602e-02
1.4802609278739778e+00
8.7663039544384236e-01
6.7211120374441025e-01
-3.3406426794733846e-01
7.7135190854492086e-01
-1.1644894435094750e+00
1.4093210695252228e-01
-2.3992328783711763e+00
-4.0461821801942049e-01
6.8078267910522483e-01
-2.2588630820251526e-01
-3.8056051053210527e-01
-5.1416847551677047e-01
-1.2209629551009118e+00
-5.2358290226457238e-01
1.4718787108814418e-01
2.6246184518111004e-01
9.8913833882952307e-01
-9.2639851168360399e-01
5.1807291563768865e-01
-1.4424350725820539e-01
-1.6278531252743962e+00
5.6613943715074788e-01
-4.5397699943753700e-01
-1.3003708951444157e-01
-1.2331955406780963e+00
-5.5233961896761934e-02
-1.9976491795760135e-01
-6.2214270864899579e-01
8.8491681246652842e-01
6.6786719088425583e-01
-1.1072028859381478e+00
1.1856008363892316e+00
-1.3044819641594250e+00
8.4939884320076942e-01
-8.7453643264655478e-01
-2.0469379305597277e-01
-2.3023333865035274e+00
-2.1080134051915373e+00
-8.9053776804178353e-01
1.7291062666288535e+00
-2.0460851067143850e+00
-3.9775605165347533e-01
-1.3517904767696343e+00
2.6114572678630652e+00
3.7325841427793743e-01
1.7667022037616136e+00
-6.6162109940642333e-01
5.8889584082519408e-01
-1.4947194681985132e-01
-8.8333609095903087e-01
-1.2604270040217360e+00
-2.1691978917304420e+00
-5.1043980880680162e-01
1.2614521707814437e+00
-3.7319171066261753e-01
1.2511048989359949e-01
1.9571758348168768e+00
1.6872417137051248e+00
6.4702255715764045e-01
1.8806039169319655e+00
-1.3974864379358649e+00
8.4331940814899242e-01
-1.5561346754243146e+00
-8.8887126664405158e-01
2.9297647316637971e+00
8.0125880754838663e-01
1.2771688104447825e+00
-1.3934281723081821e-01
1.1008300748193654e-01
-3.5824305646411396e+00
-4.6489534923375814e-01
2.7478587724682491e-01
-1.1761692943210968e+00
6.9454540412027033e-01
-8.3121695865175971e-01
8.1304801413039940e-01
3.4875480165932210e-01
1.5397471642741030e+00
3.8166902854662177e-01
1.1194168359472895e-01
9.4823819453747416e-01
1.2689155914777388e+00
-3.4839921683072667e-01
-6.3165533785266559e-01
7.0475233846087659e-01
-2.4946402958346399e+00
8.8949366292851928e-01
1.6603601655979286e-01
1.0194680824407389e+00
-2.7687470869627091e-02
8.8839844195790596e-01
-2.2120261327088699e+00
9.9575175210597899e-01
1.3417618764636390e+00
5.4980089561211809e-01
9.8119273219177772e-01
5.8774036666433438e-01
6.4584786617672263e-01
-1.4861391276873177e+00
4.1307897530453386e-02
-1.1765747887247557e+00
3.1846975231979424e-01
-8.9346648347283664e-01
1.9683348416573976e+00
-4.4976395347282666e-01
9.8030164205659398e-01
-1.2573680700903214e+00
3.2123296407127411e+00
4.4564641679070732e-01
6.7978052355565588e-01
-4.0146477854688056e-01
8.9864149232050627e-01
1.6115264367524604e+00
3.5063781930040483e-01
-3.0702137351723828e+00
-5.1036605588512418e-01
-5.2327232508545249e-02
8.1940020989589590e-01
-6.8961222568335501e-01
2.3062504094303011e+00
1.1558654336983885e+00
-5.4829168010465590e-01
-6.3350853964462206e-01
-7.7668048244890112e-02
8.4002237861584186e-02
-1.5851387311266352e+00
-3.1922893854150565e+00
-7.1903515889499081e-01
1.1526216055446308e+00
1.5020665914692155e+00
2.4651234487351914e+00
-4.1264757786696205e-01
1.1286017133657615e+00
-1.5837292046948112e-01
2.8428298267226704e-01
-1.1665796149820549e+00
-8.9438876028000458e-01
1.6558102190778659e+00
-9.9208550987256883e-01
-1.0281202064076995e+00
1.4119238668442158e+00
-2.1825013655133878e+00
-1.6328818276428985e+00
3.2102508449739178e+00
8.9318537079306470e-01
2.0584628460604750e+00
-7.3008391034581444e-01
-4.1503321360031203e-01
-9.1609927846358252e-01
-8.1899923544204001e-02
-1.0842477407469615e+00
2.5593806724871944e+00
1.5214992978042448e+00
2.2296590481565350e+00
9.3056275043295134e-01
-1.9484362213010580e+00
-1.6619548512506099e-01
1.7514463749116254e+00
1.1839781704282568e+00
9.0736503153528270e-01
-2.8614388483455073e+00
8.7239072035986953e-01
-1.3938075063387640e+00
-4.8045287622066829e-01
-9.2864859393303589e-01
2.9763835166567953e+00
-6.3988930319081794e-01
1.4280027578201091e+00
1.4075852657580418e-01
1.6902640711385461e-01
-1.0930807919804444e+00
-1.1517891026085270e+00
-2.4658984961762935e+00
-1.1402079446204645e+00
1.8538150254405248e+00
-1.2117429342899930e+00
-5.9922830000426452e-01
-2.8970735064599573e+00
-2.6295303141759150e+00
-6.6546236345563489e-02
-2.2427796394786950e+00
1.5616078967804148e+00
-1.4395331423229871e+00
-1.7598918237690472e-01
2.5344809921927508e-01
3.1221617805973145e-01
2.0113418048040299e+00
-1.4720115024938811e+00
1.7183635547499849e+00
-4.0567208608460942e-01
9.9218923249649052e-02
5.0523273135722579e-01
-2.7022338892683408e+00
-5.5737220508641147e-02
-1.0645325161445511e+00
2.1516747914774235e-02
2.2682289999273611e-01
-1.0889249383373199e-01
-1.3881030409918877e+00
-4.2372618056805844e-01
1.5366720341232252e+00
-7.9138613148400583e-01
-3.0180568982872630e-01
-1.0508195805685422e-01
1.1836263570219050e+00
-2.3734193065864355e+00
5.0130798400215870e-01
-7.0465316594427585e-01
-2.5282163272125829e-01
5.5814220699527073e-01
-8.2997181296191880e-01
9.2137425189050859e-01
1.0128751166627659e-01
-2.3495281028206652e+00
1.8918224954445317e+00
1.5419940068305775e+00
-8.0411953797875935e-01
1.3521151348435612e+00
-1.6850224622740659e+00
6.1942375100789970e-01
2.0087179885786823e+00
-2.3116610463895812e-01
-9.8732419997950419e-02
-2.1074260186367342e+00
-7.6788555149174220e-01
-1.1666003532523841e+00
-1.5130917968249709e+00
-1.2503309680571346e+00
-1.5895417160374450e+00
1.3878167588904147e+00
7.1094794751006296e-01
4.7144114506555390e-01
-8.7626809244943227e-01
1.5997920695244718e+00
-1.6245229131489973e+00
-2.3345076073911378e-01
-1.4997528870659882e+00
1.2003176045876622e+00
2.7558376934773134e+00
-2.2410115611807386e+00
-2.3759836384192723e+00
1.4555156476902784e-01
-1.3910949598388629e+00
-3.4859210320836126e-01
-3.7685980932466676e+00
-3.3162370041990052e+00
1.6139114724620823e-01
-3.3043462596810858e-01
-7.6269639830690938e-01
-1.1046811004987802e+00
-8.1012117593816380e-01
9.4885251775799861e-01
1.1133264530448601e+00
-1.9098881977652296e-01
1.4587898677784745e+00
1.3215595154642918e+00
-1.8984607592114755e-01
6.9961838303417934e-01
-4.1869690601425158e-01
-1.6308033234576818e+00
2.2135646476018476e+00
2.1036315063497537e+00
-1.2797652169828716e-01
-3.1885626085388930e-01
2.9834839726163034e-02
2.0903070539771140e+00
-2.9387296839549837e+00
1.9391178196240539e+00
-1.1770775927352599e+00
-2.0336618080015563e+00
1.6267999713097105e+00
1.3398649919951044e+00
5.2344611861355361e-01
-7.7566274482564779e-01
-3.6688582591087265e-01
2.1675805074349222e-01
1.4520236626268019e+00
1.3938435712660366e+00
-7.0069495393220349e-01
6.8720421779237295e-01
6.4157659223664831e-01
1.9235780639770788e+00
4.6799372051960186e-01
-6.8924188859087576e-02
-3.2908948277594535e-01
-2.0738808833562481e+00
-1.7860048047212496e+00
3.3581541831852657e-01
-1.2002147876250608e+00
-4.4532559726532700e-01
-1.1551801434243945e+00
1.3709125971137361e+00
6.4329847975870214e-01
2.0530007740771357e+00
-9.9785710386775872e-01
4.7351042863812082e-01
-2.5943535981682473e+00
2.4004638435054297e+00
3.8097443547219845e-01
1.7023987238859521e+00
9.3727539905902924e-01
1.8806299821124781e-01
-2.4564888538825582e+00
1.4286025038316217e+00
6.1084831726941180e-01
2.3276904417639117e+00
-1.2692838225445151e+00
-3.9592678885431935e-02
1.2510253923329888e+00
1.6833489709381957e+00
-2.0889537840325558e+00
-1.5382679061528393e+00
-1.3789918237669394e+00
1.4016796618677749e+00
2.0381577902847061e+00
3.9079931364081660e-01
1.8286281558563953e+00
1.5320691952473249e+00
-6.4566449609010770e-02
4.7921321831539204e-01
-2.5537691772481275e-01
-1.4271605100257279e+00
1.1462918171588168e+00
-2.5277235515592382e+00
-2.1741689839945093e+00
1.1454813742144090e-01
-2.5711771167256964e-01
5.5759366263432564e-01
1.7710145607781358e+00
-3.5649610203773423e+00
4.2054377450335495e-01
-1.1711191789796482e+00
4.2464087860334110e-01
4.5663173103483279e-01
-3.5882376311560821e-01
-8.3943762962455970e-01
9.5615700740094611e-01
-8.4225132455513074e-01
9.0769999932287360e-01
6.7662299502773149e-01
9.6270355552303954e-01
6.3627018145933190e-01
-1.1472416322742744e+00
-1.2778833289173505e-01
1.7946940763213699e+00
2.2598098130012756e-01
6.7579760024630775e-01
7.4471704994842136e-01
-4.7689009767722584e-02
1.1741142064928478e+00
-7.2564337874167606e-01
-2.6983071421594473e-01
6.4181182551703397e-01
7.3619118739794209e-01
-2.0627121244821058e+00
-1.2827613314357296e+00
-3.1302482548151300e-01
1.0691133747632353e+00
-1.0404960947836353e+00
1.0798544726523085e+00
2.5595351883975848e-01
-1.6338593847493912e+00
-6.2968705311421358e-01
1.0402938847086314e+00
-1.1535839843702533e+00
-5.3388211504969618e-01
1.3443363405711481e+00
6.5936652694633713e-01
-1.5135948425001862e+00
-1.6539238519155683e+00
-1.1554105123888676e+00
3.4841689620284005e-01
9.9713088261638005e-01
-1.0249813439479120e-01
2.4053273814151881e+00
1.6254619194639146e+00
2.5320721152347212e+00
-6.0278745872724759e-01
-1.3107926085741928e+00
1.8599950772036926e+00
3.6246298587113135e-01
-1.8159242222588398e-01
-4.0436937580981380e-01
7.8022319828949016e-01
-8.8768314230622614e-01
6.8596820455616891e-01
-9.0302866869219312e-01
-3.8741683002724009e-01
1.1250830409392407e+00
-2.2545776627689004e-01
-4.3425039485455713e-01
-2.2793986760766587e+00
-2.4493004380299603e+00
4.8330166797472862e-01
3.1266082826707142e-01
-5.4494821735740639e-01
1.3797705813430126e+00
-1.3732081569808823e+00
2.5569778375838621e+00
-1.6064363916619848e+00
-1.7103794773193128e+00
1.1912777841939872e+00
-1.4486687871800319e+00
6.9498691631504206e-01
-2.9539253027191448e+00
1.7237395553870176e+00
6.3346033029851290e-01
-8.2414408644878023e-01
-1.6291949524088993e+00
6.7438440268337863e-01
-2.1271027543780270e+00
5.1680009504011759e-01
-9.1305783494347825e-01
-2.4414199159780739e-01
-1.0446517408469091e+00
-7.5368439159337270e-03
2.1875998959568923e+00
-1.0574192360151306e-01
-2.8440062220370821e-01
-2.6365538638864272e-01
1.0282626854395811e+00
1.4627243951975597e+00
1.8054111669376455e-02
-1.2794065982869023e+00
-7.8702217270887420e-01
-1.0115430728196904e+00
5.5513040808428726e-01
4.7069723814042164e-01
9.5144401503486287e-01
-3.9377912746759036e+00
-1.3326945730266601e-01
-3.5175893531711941e+00
2.2721606105059124e+00
2.3837608297653523e-01
5.9285596878588998e-01
-1.2811567002437816e+00
1.6709219622405371e+00
2.8783482624469575e-01
7.8867853167171778e-02
-8.7923900316350390e-01
-1.3148264658192939e+00
1.2161934701026429e+00
8.3750320282534729e-01
-1.8039470118569045e+00
8.3484217936071314e-01
-1.9220810067986085e+00
-3.6301901382867452e-01
6.6973159762125600e-01
-8.2178293226495136e-01
1.2588964766043800e-01
-1.6273404908426736e+00
8.5397786476921778e-01
1.8886113592400045e-01
-8.3832450679233750e-01
-4.4778619237739009e-01
-1.1391190256108767e-01
-5.5964663593412278e-01
1.5928564189093077e-02
2.3566411295859974e-01
1.3515642201715833e-01
3.1423538028081399e-01
4.0526990761501475e-01
1.2978406193028347e+00
-1.2887829459557698e+00
8.4191522605277147e-01
-1.0590883132050095e+00
-1.2249250490352317e+00
-1.1695747908838394e-01
-3.3247969201862415e+00
-2.0518774392446909e-01
1.3775670214338727e+00
-9.0362756650516185e-02
-8.4038965420058520e-01
1.5461867852410976e-01
-9.8745604242820761e-01
-1.5221809318717722e-02
1.2348452431814155e-01
-1.0499380036235044e+00
-2.0673315768264131e+00
3.2408294654466380e-01
-3.4947290896879452e-01
-8.8103568396021770e-01
-9.9246370935238948e-01
-3.7378898369478658e-01
-9.5798568081204283e-01
2.1412899541191228e+00
-2.0470011565790052e+00
-1.6634643938164879e+00
8.1293145676448764e-01
1.5173277129746987e+00
1.3647738810690185e-01
1.6295664951020141e+00
1.7855747299058977e+00
1.2046894562143280e+00
9.4745907867680307e-02
-8.0024738561184261e-01
1.3129925394408175e+00
-2.3141990143311086e-01
-1.3246137575531658e+00
5.7170530062793580e-02
-1.0496164759249940e+00
-1.0433900341411873e-01
-1.2065239016404441e+00
-1.7805641460264561e+00
-2.3796475156521193e-01
-1.2684342600163627e+00
-6.0806637913081840e-01
-1.0578456322296070e+00
-4.8984699693481154e-01
-8.6024429567179195e-01
-3.5104440498129623e+00
-1.8112750722063029e+00
1.3338717998536946e+00
-1.4517832048853354e+00
-1.6557000625459400e-01
4.6713748805284505e-01
-6.4040834134475477e-02
-1.4334964833843797e+00
1.4277388978326719e+00
-1.3545541174955085e+00
-1.7664817446823626e+00
5.2168743034220810e-01
-2.8298435441959664e+00
-1.3794645273983592e+00
-1.7071298851475860e+00
-7.4361664134853489e-01
-1.9933668030386276e+00
-1.0596037641041565e+00
1.3025525831788547e+00
8.0911690134399616e-01
-7.4235343952042801e-02
-1.2694520694987323e+00
-1.3073135256085433e+00
-8.3061238794544301e-01
2.2258859390604790e+00
5.1514576904227016e-01
-1.1098604512639765e+00
-4.4345390785030292e-01
1.1636089199049384e+00
-1.2551403710715263e+00
6.6795824029778494e-01
9.3583918447592473e-01
8.8656904778557510e-01
7.8010534731673853e-01
-9.9200390320933363e-02
2.0754508750895622e+00
-3.4671386747613092e-01
-9.6017947569459117e-01
7.5977759739110640e-01
-7.7612260608165073e-01
1.1339247970501103e+00
8.1958483767613499e-01
-1.2614202392241369e+00
1.0194806978268502e+00
-9.9019994207507545e-01
-9.8896936244415767e-01
1.7588351197496557e+00
-2.1769893332957344e-02
-6.3429766567451207e-01
9.0297355388873279e-01
-1.5736191686844234e+00
1.6241019895996718e+00
-2.1875120513056330e+00
-8.8105246164303419e-01
9.0002847440685252e-01
-2.0645669119688390e-01
5.4360499139518714e-01
-2.1451632156201148e+00
-2.6980184564838336e+00
8.7285916642094008e-01
4.8208589087216441e-01
1.8048700614328539e-01
-2.1234768564797029e+00
-1.4539450374105514e+00
1.7680525681816801e+00
-3.2647977841025999e-01
1.9587918644239724e+00
-2.1934229419344023e-01
-1.7076352440863425e+00
4.5603366354396963e-01
-1.7052615804013973e+00
2.8936988604004515e-01
-5.4046362634711680e-02
-6.0672578105737085e-01
-1.0787026379049498e+00
-3.8658502658780791e-01
1.1103683067365659e+00
3.6592667168871174e-01
-1.4743715048944006e+00
7.2470232843876881e-01
1.1117791585618313e+00
-7.4361138722194520e-01
-1.6623750838089031e+00
1.4555091604131309e+00
-9.6542170915428704e-01
-3.1676377105376952e-01
-7.7048866043638864e-01
1.4626714691791294e+00
1.5236674580037277e+00
1.1561819116907821e+00
1.6697145531932684e+00
1.1654224622875964e+00
-1.0608208803577763e+00
4.5328005451221653e-01
-7.9360933335411318e-02
1.7522217992641025e+00
-2.0816734504422718e+00
6.7247971896680392e-01
-2.5695716101690267e+00
1.5635664064020260e+00
6.8414719546397662e-01
-1.4108075064695236e+00
6.6004640606757070e-01
-6.9673873390575269e-01
5.5151730036421198e-01
