Нормальное с масштабом 1.0000 со сдвигом 0.0000
0 600
3.8965349430212742e-01
3.4577102300673435e-01
1.1079727960439190e+00
3.5179381623899297e-01
8.3674432415765065e-01
1.7475431277835980e+00
-1.2635521234027534e+00
-9.5162545441660118e-01
4.5512162536641199e-01
-7.2170183742080812e-02
-5.4370205218163145e-02
-1.5714428027509117e-01
5.1721429967999588e-01
1.9276412966142153e+00
-1.1580877665767924e+00
-1.0630814608223400e+00
-5.3972785639432252e-01
-7.5536317755021495e-02
3.1028239547187075e-01
-2.3703743522218426e-01
-1.1092114410626637e+00
7.3209914957218114e-01
2.3951670359496129e+00
3.0973176529488144e-01
9.3575358500357819e-01
4.0700217958940954e-01
-3.2739076308700221e-01
1.2637475123234148e+00
-2.5333948270507292e-02
-7.2519280284984210e-03
1.6403299011966424e-01
3.9554206887996796e-01
-1.1302270777501551e+00
1.1971020937568957e+00
-2.2098979248059955e-01
-1.5859119867119500e+00
-9.3313418049548058e-01
-6.7612929025637680e-01
-4.4276927671709720e-01
-1.0142734733391394e-01
-1.6969462631361245e+00
1.2037620911327316e+00
4.8553901542207178e-01
6.8168042555350716e-01
-3.4577408369328194e-01
-2.5952062929318154e-01
1.7219344006927309e-01
-1.1643372623401935e+00
-2.0837718525536149e+00
-2.7057775657660454e-01
8.3462080235176497e-02
-2.2136246959978678e-01
-1.0586905421149531e+00
-9.2244408849090442e-01
-2.8931568782419093e+00
5.6375253931078484e-01
-6.6093341263411398e-01
4.5880628209671931e-01
-1.2496045102458806e+00
-8.9890999627032275e-01
8.4939170840882858e-02
1.4176342963296100e+00
-2.5866043500321217e-01
-3.0145741776642082e-01
-1.3907053723904363e+00
-3.6051492013021831e-02
-1.0053579390134906e+00
-6.4022486215640340e-01
3.1105690776120887e-01
-2.7097215593444590e-01
-1.8983770568090597e-01
-3.1224912267291632e-01
4.3608006510310005e-01
-2.9767942418450044e+00
-3.3050420400605164e-02
-1.2204236113080933e+00
1.3520388871920147e-01
-1.4672978765444045e+00
-3.8938539559360613e-01
1.0460254995381602e+00
1.3697658164776920e+00
1.0340439862776938e+00
-2.3844619170154399e-01
3.8546927499926792e-01
7.4776439353919777e-01
-6.8468001708019838e-02
8.7513335938674397e-01
2.2361210890026634e-01
3.6092669271022459e-01
-9.7036995718218122e-01
-1.2719278704912544e+00
-5.1872818510031260e-01
1.7008723438153553e-01
8.8271818787762280e-01
1.0455084976185178e+00
1.0495199768164587e+00
-9.1948784981848397e-01
1.0643636890583155e-01
-2.2410790665467853e-01
-4.6744482218050726e-01
4.0716098941550166e-01
-2.9488069995753868e-01
-2.2755284392251020e-02
-1.3683802208534579e+00
-3.7778676964400953e-01
-7.2974969551987356e-01
1.3383519392905239e+00
-2.3516701274782679e+00
7.6616706217550279e-01
-6.3110611101009328e-01
-6.0317971997288811e-01
4.9447043917682959e-01
1.2816555706210455e+00
-1.2427075280361071e+00
-1.0424413577302742e+00
-1.0658946145206075e-02
-1.3400069621525583e+00
-2.8480914399930546e-01
1.7277761021769977e+00
-6.6864122960324035e-01
-9.6942583099837987e-01
-9.4340177934911396e-01
5.0073883747985604e-01
-2.7864332710301032e-01
6.9561459868777098e-01
3.2653126757208406e-01
7.8811423799251712e-01
1.8043827305388767e+00
1.7359237647068104e+00
1.2374862791170098e+00
1.1632829472969359e+00
8.2650259702411277e-01
5.4555772537965555e-03
-8.3545455486813569e-01
-1.3504399771274380e+00
-1.8907045643750714e-01
-1.5857829763722975e+00
2.2203192813932598e-01
-1.4009076600935757e+00
2.0025781426269615e+00
9.1815146408019666e-01
1.5900869799737674e-01
-1.7701664241721038e+00
-2.8304141906251529e-01
-7.7681048124148344e-01
8.6953739266894248e-01
-4.0583878693694314e-01
3.2314991829891504e-01
-1.3115076804236539e-01
-9.5974888815160453e-01
-1.9930445850986850e-01
-1.5345232911684534e+00
-1.2130075443705990e+00
2.5836267805219854e-01
1.4683261434042147e-01
-2.0176328327216075e-01
1.3389768794486248e-01
-1.7944163641566744e+00
-9.1979501194728797e-01
1.1329585193825877e+00
-4.7737679667137778e-01
4.1530634793981114e-01
-9.7243845476140067e-02
6.4671214992996318e-01
2.1138395953022712e-01
-7.2664074874930340e-01
-2.7909890574431728e-02
1.3851366285397062e+00
-6.8878193015955347e-01
-8.1986476365481009e-01
-1.6285534162393540e+00
1.2202995542853070e+00
4.7548565154328204e-01
-1.6597390982329578e+00
9.7497596354914384e-01
1.9978295959657046e+00
8.4771585331736610e-01
1.8158964864370066e+00
4.4597240997874599e-01
4.7513396499844740e-01
4.6222116409786479e-01
-2.6180439083043372e-01
-1.1199445734281241e+00
-1.2615017111476359e+00
7.6339934791710662e-01
5.3045336747884075e-01
1.2328813645067791e+00
1.1519766108671288e+00
-3.5549402887566911e-01
-4.6817690170905168e-01
1.0186068725412110e-01
-1.3721105385844443e+00
8.0985949980744376e-01
-1.0630569382517447e+00
-4.9442686304119604e-01
6.2081735445403408e-01
-1.7152860703460504e+00
-1.2274381451552160e-01
1.2479368492977043e+00
8.6669730155331792e-01
3.7226463299369805e-01
1.2078248927562709e+00
-7.0243585271433195e-01
-8.8007050892652017e-01
-6.9199829520969991e-01
4.8647624939440176e-01
-5.3367935826715462e-01
-4.3455619767062631e-01
1.8342242977482842e-01
4.6345508912291578e-01
4.7735591012614620e-01
-8.9416005866140125e-01
-1.2595695021547827e-02
9.9081659033517011e-01
-1.2917338166317058e+00
8.1337073928933934e-01
-1.8469210033973038e-03
1.3044500576249637e-01
-5.6608508819436254e-01
1.5291048372498273e-01
-1.2748984526666320e+00
-3.5004028962174377e-01
-5.4852809405004344e-01
1.0492817823366876e+00
1.2477300624368575e+00
4.9020288673907003e-01
1.7356518691513534e+00
9.5126473842313486e-01
-2.0319915955940404e+00
-1.2692993929323004e+00
-6.6616698065058455e-01
2.9624259688781473e-02
6.9414417978615972e-01
1.6874737754120109e-01
6.3309113229795466e-01
4.8945579427238378e-01
-5.4070223528494754e-01
1.3475789384347510e+00
1.9502109668884493e-01
1.5702586222749828e+00
-6.1591106756099578e-01
-8.1285895653582529e-01
-4.2791570809968721e-01
-1.1952923739491268e+00
2.7268493384006103e-02
2.2417180479999868e+00
8.2137628524142448e-01
2.9912644524246629e-01
2.2588072406905935e-01
3.0056004761472094e-01
3.7320906858859748e-01
7.1391370245261476e-01
-9.2617597082057135e-01
6.8827595597758573e-01
-1.3717565160038495e-01
-2.4559031967090892e+00
1.6995984293115878e+00
-4.7539326238198515e-01
-1.8438279429666435e+00
-6.7267390143299034e-03
6.7809204403822632e-01
-9.0526968724866852e-01
-4.2716143426531344e-01
-2.0145703042077847e+00
2.0345072892141122e-01
6.3571306965689101e-01
9.3792107823802717e-01
2.6639311994010584e-01
3.0263532815550240e+00
2.0257361891934264e-01
8.3354935108948214e-01
1.1078044976627277e+00
3.9734044882722275e-01
1.6894075203583072e+00
-1.0874433021343748e+00
-6.8976211016706912e-01
-5.0765560018114375e-01
-9.2690408813871183e-01
-1.9634033545536629e+00
-2.0179835770803223e+00
-1.0312945876853850e+00
-5.1823180663228885e-01
4.6816403107242882e-01
-8.5402285863438532e-01
7.3231013039390691e-01
-6.9568868007975060e-01
6.0469350355494766e-01
-5.1978647932962574e-01
1.4100395130086003e+00
-2.2560716001427408e+00
4.2020562089482744e-01
4.7482821571653434e-02
-4.0138340351688961e-01
-5.3332779059775889e-02
-2.6966339615741886e-01
1.9336357510460649e+00
-4.8258824731530708e-01
3.4142687795499899e-01
1.4661804409035688e+00
9.6703048669353309e-01
4.0376362278834699e-01
1.3331658194639877e+00
7.4879827053282155e-01
-1.6101990283989381e-01
-1.8138666864303428e+00
3.3916838289017504e-01
-1.3674501072933383e+00
2.0979240411701747e+00
-8.8677271774775845e-01
1.1872950577379229e-01
1.0989584384677739e-01
-8.2367273091835769e-01
5.8141449213847063e-01
-4.1475633295925940e-01
2.9027958794014759e+00
-1.9369326032097553e-01
-3.7457075904444870e-01
1.2744275452409668e+00
1.6634983053164005e+00
-8.2081951581961377e-01
1.9985020548013743e+00
7.5568708083836833e-01
7.8814780065273732e-02
8.6683022735934934e-01
-8.6020777015487615e-01
9.7068505288251505e-01
-4.0524958523929194e-01
2.4834899357883705e-01
-9.5457847708822874e-01
1.5619824235515326e-01
-2.6856185424216457e+00
1.6889926138216347e+00
-5.3026866871055167e-01
-4.3147408192432757e-01
-1.7368786587679812e+00
-6.9542266899811067e-01
8.3977161721755622e-01
2.4488269578370672e-01
2.7814045371854290e-01
1.2296595850136305e+00
-8.7222464952621825e-01
9.5263492643969300e-02
1.5492729509256717e+00
2.7844728380192313e-01
-1.2084460575799798e+00
-2.9320547193344004e-01
6.1863110064749383e-01
3.5157796259543028e-01
1.2378223898073413e+00
1.4311077960238633e-01
-1.2136254706595810e+00
-8.8554501178665579e-01
-4.0606682051557424e-01
-1.4614527062731530e+00
-6.7353782578692500e-01
-8.1164480436095232e-01
8.0525348521544227e-01
1.2700685436019381e+00
7.4375375951618006e-01
7.7191467617144183e-01
4.0636379348048096e-01
-6.5241271596569672e-01
-1.2959825598058559e+00
3.1147785805629957e-01
2.8762208411421081e-01
7.5917641910735900e-01
9.9595242097706718e-02
2.1771468827757339e+00
1.1335232383230223e-01
-3.4404693371026218e-01
-4.5399848377034846e-01
1.0170124934544467e+00
3.4756944365977777e-01
8.2678449328151171e-01
7.5831956895765817e-01
8.7642459652870386e-01
-3.8415320743799170e-01
3.5425508826913665e-01
7.1286187229542686e-01
6.2463334149812733e-01
-1.1957734689991888e+00
-1.1108702683289167e+00
8.6465561814468816e-01
-1.9889431575819225e-01
7.7215133929519719e-01
-3.5172554478911588e-01
-1.5452232134664953e-01
-9.1879861944582120e-01
-1.6508200238028603e+00
-1.6256969095905272e-01
1.4246983006102747e+00
-1.8772575105654879e-01
-2.5086004890772215e-02
-9.4313013106821064e-01
2.5128383028897527e-01
-1.3081651645747098e-02
1.1704402177954023e+00
3.0711709593217713e+00
3.0035960748817430e+00
1.3045667226566271e+00
5.6046758082427373e-01
4.3302485268247587e-01
-2.4379215071498173e-01
-7.6691066020239076e-02
-2.0626915835739821e+00
-1.5266930452321419e+00
-3.4309009746981844e-01
1.6383257409087096e-01
-1.2633964227849228e+00
4.6445960116263102e-01
5.0651518884141111e-01
-3.7405016772714780e-02
1.1900855959757438e-01
1.2206236530360180e-01
-6.5817915874199151e-01
2.2913247686457436e-01
4.0831810044841169e-02
-9.7182763377319448e-01
1.9311722069569883e+00
9.0125198113752147e-01
-5.3211131311055881e-01
-1.8685167798263538e-01
9.1271521571234349e-01
6.1345807441461286e-01
2.2758088442936861e-01
1.9530750355277640e-01
-1.8830361212309124e+00
-8.6553546053368779e-01
-2.4469330491608740e-01
-1.3264723817793436e+00
9.9695417950985343e-01
-6.6671251350639804e-01
4.0846298679006288e-01
-9.2017054002053311e-01
-1.0947149056024186e+00
1.7762363112400353e-01
6.2282234886673427e-01
3.6107872358954535e-01
-3.2454434986769554e-01
1.7712508830973003e-01
-9.4349037391798019e-01
3.4222807086508472e-01
-1.2144945883022347e+00
-4.3174374516388458e-01
8.7311361825553480e-01
-1.6738604383752216e+00
5.2518830967249297e-01
-9.7849909094340382e-01
7.2965762629172681e-01
8.5685449383836265e-02
-1.2768754709413730e+00
-2.1387338956189801e+00
-2.0534219410848493e+00
1.2421323448050055e+00
-6.4627433483507446e-01
1.9939433124357145e-01
-2.5533718015146752e-02
-1.1000837937296615e+00
-1.5802527915676604e-01
1.5945631052432487e+00
5.2519378830709451e-01
1.2680714820768009e+00
4.8861529719649960e-01
1.0144695248433939e+00
-1.2509702938466967e+00
4.4901928140223028e-02
5.8330922939033074e-02
1.3000445519693493e+00
-1.0974938720488254e+00
4.7176944315200453e-01
1.5959044640149009e+00
-9.4172213037795799e-02
6.9861821222074838e-01
-7.7950150539375829e-01
1.2770091075372443e+00
2.8930529847427722e-01
2.1425844318426052e-01
4.7934709682583021e-01
4.6723742419979525e-01
-8.3870579680001123e-01
1.9562996262289769e+00
-1.6669546944166553e+00
-4.0103798062756979e-01
9.8674389837635490e-03
9.1147277003830673e-01
-1.7857605074258118e-01
-9.9384280961011373e-01
7.3083973748898390e-01
1.5434640038910558e-01
8.7734712471336818e-01
1.1676791571320659e+00
-6.5862440695462945e-02
3.0182306676800274e-03
-9.7318039911199761e-01
5.8367439422912581e-01
-2.2796598141721036e-01
4.4732095211731987e-01
-8.2503388222243401e-01
-3.0733325370805459e-01
-5.2035593310350192e-01
6.5241297479285032e-01
-2.2011180375827291e-01
7.4426865307346782e-02
5.4085358638822334e-01
8.9294720693386476e-01
-1.0927424793179992e-01
-2.5600376822571091e-01
6.7973746031596460e-01
3.5332354196723204e-01
3.6891970546048131e-01
4.3765990277765932e-01
6.3910424379203723e-01
1.5063181667321301e-01
-8.2113733256586297e-01
-2.8499903558529271e-01
-3.9372574300986285e-01
-1.6684693861707154e-02
7.1858358069432282e-01
4.7792591935799222e-01
-2.0382396254707187e+00
-8.6206152081555035e-02
-1.2478913107494605e-01
-4.4768539054977291e-01
1.9890535927650502e-01
-7.1483177748591031e-01
-1.8473239233074049e-01
-1.2489525754629145e+00
1.1256276224450977e-01
6.5118829517912802e-01
-1.5298662688743332e+00
-2.1177846798098349e-01
1.5865702207454793e+00
6.5065127607877957e-02
7.4533599045554677e-01
8.8808933542504367e-02
-2.2092905566566526e-01
-1.1560677941611284e+00
-4.3922697203234223e-01
-1.2173713818358385e+00
-1.0767209935439381e+00
-1.8150254511175274e+00
2.2259692532793216e+00
1.1551584704627307e+00
4.7128333861273068e-02
-1.5480846503803665e+00
-1.2495758417106160e+00
1.8788655380243699e-01
5.2130242812436611e-01
1.2836717314000683e+00
-2.3065107221988801e-01
1.5780287440138949e-01
-5.3469552284353405e-01
1.1542172316118668e+00
2.5200351890411614e+00
-2.2242617670390690e+00
-1.3599765004479707e+00
1.6955403789826407e+00
1.4585377957249031e+00
8.1852534767508445e-01
-2.3807042305486623e-01
2.9719174515348229e-01
2.8799777386504577e-01
1.9495166425349220e+00
3.9906551237837096e-01
3.4325566046697120e-01
-6.7712653394490785e-01
-9.7626226242915026e-01
-8.7473366756323956e-01
-6.3112393236358144e-01
6.5241986955325926e-01
-1.3939913842399552e+00
2.1540416105618818e+00
9.2787976892440938e-01
-8.9883788538747192e-02
4.1175768450861266e-01
1.4104285931247353e+00
8.8960114525720813e-01
-1.0821066025123842e+00
-5.3793372433467912e-01
-3.5074872438811860e-01
8.9051953138702455e-01
8.5570695466188684e-01
1.6234589605481038e+00
7.1776755145637161e-01
9.9608166085590710e-01
1.9352885393980621e-01
2.1736668172367243e-01
-8.5318378765460745e-01
-1.0620635499327049e+00
2.2822091898108529e-01
-1.5304580573119138e+00
-2.8713153553094595e-01
2.9849713814083967e-01
9.5764884167669251e-01
2.1079071470520656e+00
8.3725498338311088e-01
1.8164016797070308e+00
6.8682508287641975e-01
7.9050863649904435e-01
6.2954959335458249e-01
