Нормальное с масштабом 1.0000 со сдвигом 0.0000
0 200
3.7226463299369805e-01
1.2078248927562709e+00
-7.0243585271433195e-01
-8.8007050892652017e-01
-6.9199829520969991e-01
4.8647624939440176e-01
-5.3367935826715462e-01
-4.3455619767062631e-01
1.8342242977482842e-01
4.6345508912291578e-01
4.7735591012614620e-01
-8.9416005866140125e-01
-1.2595695021547827e-02
9.9081659033517011e-01
-1.2917338166317058e+00
8.1337073928933934e-01
-1.8469210033973038e-03
1.3044500576249637e-01
-5.6608508819436254e-01
1.5291048372498273e-01
-1.2748984526666320e+00
-3.5004028962174377e-01
-5.4852809405004344e-01
1.0492817823366876e+00
1.2477300624368575e+00
4.9020288673907003e-01
1.7356518691513534e+00
9.5126473842313486e-01
-2.0319915955940404e+00
-1.2692993929323004e+00
-6.6616698065058455e-01
2.9624259688781473e-02
6.9414417978615972e-01
1.6874737754120109e-01
6.3309113229795466e-01
4.8945579427238378e-01
-5.4070223528494754e-01
1.3475789384347510e+00
1.9502109668884493e-01
1.5702586222749828e+00
-6.1591106756099578e-01
-8.1285895653582529e-01
-4.2791570809968721e-01
-1.1952923739491268e+00
2.7268493384006103e-02
2.2417180479999868e+00
8.2137628524142448e-01
2.9912644524246629e-01
2.2588072406905935e-01
3.0056004761472094e-01
3.7320906858859748e-01
7.1391370245261476e-01
-9.2617597082057135e-01
6.8827595597758573e-01
-1.3717565160038495e-01
-2.4559031967090892e+00
1.6995984293115878e+00
-4.7539326238198515e-01
-1.8438279429666435e+00
-6.7267390143299034e-03
6.7809204403822632e-01
-9.0526968724866852e-01
-4.2716143426531344e-01
-2.0145703042077847e+00
2.0345072892141122e-01
6.3571306965689101e-01
9.3792107823802717e-01
2.6639311994010584e-01
3.0263532815550240e+00
2.0257361891934264e-01
8.3354935108948214e-01
1.1078044976627277e+00
3.9734044882722275e-01
1.6894075203583072e+00
-1.0874433021343748e+00
-6.8976211016706912e-01
-5.0765560018114375e-01
-9.2690408813871183e-01
-1.9634033545536629e+00
-2.0179835770803223e+00
-1.0312945876853850e+00
-5.1823180663228885e-01
4.6816403107242882e-01
-8.5402285863438532e-01
7.3231013039390691e-01
-6.9568868007975060e-01
6.0469350355494766e-01
-5.1978647932962574e-01
1.4100395130086003e+00
-2.2560716001427408e+00
4.2020562089482744e-01
4.7482821571653434e-02
-4.0138340351688961e-01
-5.3332779059775889e-02
-2.6966339615741886e-01
1.9336357510460649e+00
-4.8258824731530708e-01
3.4142687795499899e-01
1.4661804409035688e+00
9.6703048669353309e-01
4.0376362278834699e-01
1.3331658194639877e+00
7.4879827053282155e-01
-1.6101990283989381e-01
-1.8138666864303428e+00
3.3916838289017504e-01
-1.3674501072933383e+00
2.0979240411701747e+00
-8.8677271774775845e-01
1.1872950577379229e-01
1.0989584384677739e-01
-8.2367273091835769e-01
5.8141449213847063e-01
-4.1475633295925940e-01
2.9027958794014759e+00
-1.9369326032097553e-01
-3.7457075904444870e-01
1.2744275452409668e+00
1.6634983053164005e+00
-8.2081951581961377e-01
1.9985020548013743e+00
7.5568708083836833e-01
7.8814780065273732e-02
8.6683022735934934e-01
-8.6020777015487615e-01
9.7068505288251505e-01
-4.0524958523929194e-01
2.4834899357883705e-01
-9.5457847708822874e-01
1.5619824235515326e-01
-2.6856185424216457e+00
1.6889926138216347e+00
-5.3026866871055167e-01
-4.3147408192432757e-01
-1.7368786587679812e+00
-6.9542266899811067e-01
8.3977161721755622e-01
2.4488269578370672e-01
2.7814045371854290e-01
1.2296595850136305e+00
-8.7222464952621825e-01
9.5263492643969300e-02
1.5492729509256717e+00
2.7844728380192313e-01
-1.2084460575799798e+00
-2.9320547193344004e-01
6.1863110064749383e-01
3.5157796259543028e-01
1.2378223898073413e+00
1.4311077960238633e-01
-1.2136254706595810e+00
-8.8554501178665579e-01
-4.0606682051557424e-01
-1.4614527062731530e+00
-6.7353782578692500e-01
-8.1164480436095232e-01
8.0525348521544227e-01
1.2700685436019381e+00
7.4375375951618006e-01
7.7191467617144183e-01
4.0636379348048096e-01
-6.5241271596569672e-01
-1.2959825598058559e+00
3.1147785805629957e-01
2.8762208411421081e-01
7.5917641910735900e-01
9.9595242097706718e-02
2.1771468827757339e+00
1.1335232383230223e-01
-3.4404693371026218e-01
-4.5399848377034846e-01
1.0170124934544467e+00
3.4756944365977777e-01
8.2678449328151171e-01
7.5831956895765817e-01
8.7642459652870386e-01
-3.8415320743799170e-01
3.5425508826913665e-01
7.1286187229542686e-01
6.2463334149812733e-01
-1.1957734689991888e+00
-1.1108702683289167e+00
8.6465561814468816e-01
-1.9889431575819225e-01
7.7215133929519719e-01
-3.5172554478911588e-01
-1.5452232134664953e-01
-9.1879861944582120e-01
-1.6508200238028603e+00
-1.6256969095905272e-01
1.4246983006102747e+00
-1.8772575105654879e-01
-2.5086004890772215e-02
-9.4313013106821064e-01
2.5128383028897527e-01
-1.3081651645747098e-02
1.1704402177954023e+00
3.0711709593217713e+00
3.0035960748817430e+00
1.3045667226566271e+00
