Нормальное с масштабом 1.0000 со сдвигом 0.0000
0 1000
3.7226463299369805e-01
1.2078248927562709e+00
-7.0243585271433195e-01
-8.8007050892652017e-01
-6.9199829520969991e-01
4.8647624939440176e-01
-5.3367935826715462e-01
-4.3455619767062631e-01
1.8342242977482842e-01
4.6345508912291578e-01
4.7735591012614620e-01
-8.9416005866140125e-01
-1.2595695021547827e-02
9.9081659033517011e-01
-1.2917338166317058e+00
8.1337073928933934e-01
-1.8469210033973038e-03
1.3044500576249637e-01
-5.6608508819436254e-01
1.5291048372498273e-01
-1.2748984526666320e+00
-3.5004028962174377e-01
-5.4852809405004344e-01
1.0492817823366876e+00
1.2477300624368575e+00
4.9020288673907003e-01
1.7356518691513534e+00
9.5126473842313486e-01
-2.0319915955940404e+00
-1.2692993929323004e+00
-6.6616698065058455e-01
2.9624259688781473e-02
6.9414417978615972e-01
1.6874737754120109e-01
6.3309113229795466e-01
4.8945579427238378e-01
-5.4070223528494754e-01
1.3475789384347510e+00
1.9502109668884493e-01
1.5702586222749828e+00
-6.1591106756099578e-01
-8.1285895653582529e-01
-4.2791570809968721e-01
-1.1952923739491268e+00
2.7268493384006103e-02
2.2417180479999868e+00
8.2137628524142448e-01
2.9912644524246629e-01
2.2588072406905935e-01
3.0056004761472094e-01
3.7320906858859748e-01
7.1391370245261476e-01
-9.2617597082057135e-01
6.8827595597758573e-01
-1.3717565160038495e-01
-2.4559031967090892e+00
1.6995984293115878e+00
-4.7539326238198515e-01
-1.8438279429666435e+00
-6.7267390143299034e-03
6.7809204403822632e-01
-9.0526968724866852e-01
-4.2716143426531344e-01
-2.0145703042077847e+00
2.0345072892141122e-01
6.3571306965689101e-01
9.3792107823802717e-01
2.6639311994010584e-01
3.0263532815550240e+00
2.0257361891934264e-01
8.3354935108948214e-01
1.1078044976627277e+00
3.9734044882722275e-01
1.6894075203583072e+00
-1.0874433021343748e+00
-6.8976211016706912e-01
-5.0765560018114375e-01
-9.2690408813871183e-01
-1.9634033545536629e+00
-2.0179835770803223e+00
-1.0312945876853850e+00
-5.1823180663228885e-01
4.6816403107242882e-01
-8.5402285863438532e-01
7.3231013039390691e-01
-6.9568868007975060e-01
6.0469350355494766e-01
-5.1978647932962574e-01
1.4100395130086003e+00
-2.2560716001427408e+00
4.2020562089482744e-01
4.7482821571653434e-02
-4.0138340351688961e-01
-5.3332779059775889e-02
-2.6966339615741886e-01
1.9336357510460649e+00
-4.8258824731530708e-01
3.4142687795499899e-01
1.4661804409035688e+00
9.6703048669353309e-01
5.8465236060183945e-03
1.6419685528601560e-01
-2.2386898690556237e-01
-6.3092602077462104e-02
5.0352509503847243e-01
3.5925647898088481e-01
-2.6713533688985841e-01
1.6560639843836442e-01
7.8386394767472234e-01
-5.7469673249806508e-01
8.5524559662279198e-01
2.9192197160693378e-01
-1.5215070383864721e-01
8.0411426549136056e-01
-7.3541781887485314e-01
2.5936150334244829e-01
1.1667911462867053e+00
6.8317680231174371e-01
5.0773522800095550e-01
-1.0256144126563957e+00
2.1510345504243666e+00
7.4303541032324491e-02
-1.0464232957943331e+00
6.2506624358942109e-01
-1.4341103497577512e+00
-8.0508489007150230e-01
2.2826298446409274e-01
-5.1322691389087079e-02
5.0490249262919625e-02
3.3650265890241826e-01
-8.1751480012100766e-02
5.9884898353409011e-01
-1.0567527505029553e+00
-2.1393384726930115e-01
-4.6114017651136890e-01
1.1070476172581136e+00
6.9880358754570326e-01
-1.3374615659851161e-01
-9.3267101465075353e-01
1.0639755027353656e-01
-1.0419299036998715e+00
-4.2802381689000962e-01
5.0232457936068553e-01
9.0015745272596960e-03
-2.7515429293993976e-01
2.7312696520695673e-01
-5.4255009797111842e-02
1.0354587504369475e+00
-3.6722777082706376e-01
-5.7909339549455874e-01
-1.6528678650258131e+00
1.2962511682578814e+00
-1.7831239074325117e-01
-1.6226819859602615e+00
3.8581666044843971e-01
1.4104698684772715e-01
3.4203642450645166e-01
-5.5361972968305184e-01
-1.3431810128233659e-01
-7.5702519161519266e-01
1.0070010707819935e-01
-1.0549530385762498e+00
-6.6870436719001525e-01
2.8669831900174531e-01
-9.2319294213690317e-01
-7.9158987467778358e-02
-1.0534024175245931e+00
2.0088810050369919e+00
2.1152897922551892e-03
-5.3278603015935777e-01
-1.3736014225472990e+00
-4.9506279291617811e-01
-7.9567649845356725e-01
3.6528970213615403e-01
2.6524607015153667e-01
-1.4524404447212141e-01
8.9595275062309643e-01
-7.8472025626350403e-02
8.5493042836918443e-01
8.0887024168120358e-01
-2.7128618306687813e-01
-4.1708968247164246e-01
4.3355895382561832e-01
-1.5492247957764234e+00
2.9398340543976720e-01
7.4264180609867003e-01
-4.2576538933914648e-01
-2.1618911531239973e+00
-3.5886721816109296e-01
2.7357473657438863e-01
1.7029605335104989e+00
-2.8471362950021767e-01
2.3969627112447930e-01
-8.5810936300713203e-01
-7.5192095265729453e-01
-1.2368975507130526e+00
-2.0190617831609523e-01
-4.1323546102734005e-01
1.8397804297563807e-02
4.8765573762813186e-01
-1.5204757670396585e+00
8.5988257216929986e-02
-6.8732847712565392e-01
-4.7385132407695030e-01
2.3049781439008291e-01
-2.3166679089411092e-02
2.5884835404380963e-01
1.0700479219433516e+00
1.7417283485273802e+00
4.2369878302947173e-01
-3.6886722915440574e-02
-3.7753852988567299e-01
-5.1266694434967830e-01
2.6855817045198882e-01
-6.3177640188088824e-01
4.9627175643331306e-01
1.8285043893059560e-01
-4.9981526958190109e-02
-2.1186168777155245e+00
3.0985307527763117e+00
-6.9034358069036961e-01
2.5908026309119853e-01
-4.1806156785034976e-01
1.6239346258093950e+00
-4.7803817607154542e-01
5.7685979068499860e-01
-1.4168026698138092e-01
1.0272322033102703e+00
-1.1260085259434172e-01
-8.8416818201604297e-01
3.1374744408551192e-01
-9.5605610993372769e-01
-7.0195743828544754e-01
-1.1562481695264266e-01
1.1054676769889547e+00
-8.2476526087520463e-01
-2.5037630792139898e-01
5.3781978414559006e-01
-1.0579947556998879e+00
9.3244442627083996e-03
1.3006614156493441e+00
-1.7545204783211172e+00
-9.9151267706408586e-01
2.6533723947287119e-01
-6.4496020182447517e-02
-5.5566169361041945e-02
6.6738306651489343e-01
-7.7513961155832900e-01
1.5238816142179228e+00
-1.5087979509022265e-01
-1.2242006296641536e-01
3.7632217348375963e-01
9.5453349182234970e-02
-2.0156172162637045e+00
1.5153948541908437e+00
5.3321837141124340e-01
7.0836651197668210e-01
-5.6274601850291273e-01
5.5669311629714313e-01
4.2028719022311711e-01
-1.3868571792802306e-01
-3.7782538017944389e-01
-9.5699063992436217e-02
2.0251170588165177e+00
-2.4527943092009175e-01
-1.6102018792672840e-01
6.0893087598099016e-01
-7.4739798878119690e-01
3.3262227394059610e-02
-5.4505439244049314e-01
6.7677362698368659e-01
1.0768280478648051e+00
-4.2669187430541888e-01
1.1019458441018819e-01
-1.5374177360434399e-01
-7.6715398961994830e-01
4.9764108513990829e-01
5.0395794468492339e-01
-6.9910029928648465e-01
-9.2722150295727907e-03
-1.5412118331392104e+00
-1.7748313763815768e-01
-5.6707781501829257e-01
6.7411513674900847e-01
-1.1208573548298704e+00
-1.7101673367099677e+00
-1.3534711845790581e+00
-1.3265704140270589e+00
1.6985553664167401e+00
-6.7575981462825152e-01
4.1439001612404402e-01
-7.0917734317673531e-01
1.2211465112089759e+00
1.1927168460966864e+00
1.4999308554904056e-01
-7.6595999364462430e-01
1.8230975910892966e+00
-1.1970930206276240e-01
6.5022578885113536e-01
8.6969000811564545e-01
1.7689957596728703e-01
1.9889198813719877e+00
-7.1673378921911324e-01
-7.9930966265064091e-03
-8.2371888212168987e-01
-1.5172083957337581e+00
-7.0532446101869373e-01
-6.9956893679623799e-01
-7.4901528417006169e-01
2.2873983363342110e-01
-2.8042714243887035e-01
-7.9469355299886923e-01
1.9484865244673024e+00
-5.0379469997151016e-01
-4.6102361693768990e-01
3.8683590395585898e-01
1.6096646160784285e+00
1.3248651567893532e+00
1.5840649292740214e+00
-3.2508732308176708e-01
9.2370785079211482e-01
-2.7245679539348888e-01
-1.3583796184619037e+00
-9.6699024556334423e-01
4.0386628087215098e-01
-8.7470647620331299e-01
-1.1956823027335013e+00
1.2044383086752803e+00
1.2498134156096481e+00
2.9631256859757170e-02
-1.0358738130109157e+00
8.5008561267138150e-01
1.5332789373328959e+00
8.5744330473964536e-01
5.3606367116486286e-01
2.4137601564211159e-02
-2.8236610711338556e-01
6.4630708854765051e-01
-2.7468346707594210e-01
-8.2451300934845817e-01
1.3036113883529987e+00
2.1580212938501167e-01
3.2491941069125367e+00
1.1015483789559917e+00
-2.1002825161073793e-01
1.7465631060366954e-01
-1.1100772201985600e+00
5.5324786953033840e-02
-3.8538830115074219e-01
2.1826195923244245e+00
2.5773342132729233e+00
1.7185877048394937e+00
9.7877954734325345e-01
-1.3801865014082704e+00
-8.2579893693722561e-01
1.0468809971860427e+00
-3.7472908016574302e-01
-8.2154590703243241e-02
-5.7553285193999792e-01
7.9053740588043531e-01
-8.6538757394463284e-01
-1.0987242916113549e+00
-5.0190149150224783e-01
1.0527835157286047e+00
-1.9896564547663542e-01
-9.4042138782501816e-01
-1.0591142096042456e+00
5.1168171998984546e-01
1.1761935307190494e+00
-1.0084988982170802e+00
5.2375187942061574e-01
5.6114103952390260e-01
1.8697987978232338e+00
-6.1615367723399139e-01
-6.6774111655470503e-01
-7.9740105571768627e-01
2.0583430389843996e-01
-5.3912922082478065e-01
-8.7898770839611917e-01
-1.5398868102318333e+00
-9.0092836772859186e-01
5.2893950125418787e-01
7.0538445425236118e-01
5.2345296105688210e-01
-1.5762408811553328e+00
-1.4440671831460883e-01
-1.6381093074548863e+00
-1.2802539913343929e+00
2.1677923565818283e-01
6.1407805249139913e-01
2.5055918901053020e-01
8.0182766631813052e-01
1.4141052082359751e-01
-6.9905541207648936e-01
1.3372493806505807e+00
5.3952953587656971e-01
-1.9621476467747454e+00
-1.0287342898400129e-01
-1.7694266088430364e+00
1.4925399372939666e-01
-8.1939546981990830e-01
8.1461868626794720e-01
-9.4392167130598492e-01
-9.2262091399776425e-01
-2.2189256851461763e+00
-1.2264437721432460e+00
2.2403738332223425e-01
7.6481416412046732e-01
-8.0531335663905135e-01
6.7903450975279639e-02
1.7812253611526002e-01
3.9333456077374998e-02
-5.2160919075346401e-01
1.8833181549620190e+00
-3.8370738331227333e-01
3.7312020249640909e-01
-8.3820158888204088e-01
-1.7144638803366352e-01
2.3391052417017308e-01
-6.8004577138638023e-01
1.4298387997997906e+00
-5.9832017715006824e-01
-4.6441717096976676e-01
1.2237650041298449e+00
-5.2868431811524397e-01
1.0178763346558672e+00
-4.6080814185818719e-01
3.2249533459906760e-01
-8.5885744941094322e-01
-1.4337038258908044e+00
6.7454405604986417e-02
-5.1248394685328380e-01
3.5852315238773103e-01
9.7812927866953747e-01
-6.4313625924937357e-01
1.7016379646575264e+00
-6.7353897059601853e-01
-1.6866480597254201e+00
-1.3800019500783935e+00
-9.5461304935349156e-01
1.9826740567951345e-01
1.2469027130827327e-01
1.5562050342148956e+00
2.4729414757388621e-01
1.4821685437604695e-01
9.4115262861178517e-01
8.6844632976707459e-01
-6.4311118131888134e-01
-9.1509456511688547e-01
1.0819821819565063e+00
-1.0309574661588945e+00
1.9069542524633984e-01
-3.3134147906387090e-01
-2.4251127902808021e+00
1.4650127085015605e+00
-3.1556120562756473e-01
-1.9470194517688555e-01
7.4199396227489112e-01
-8.5634891814011438e-01
-1.1927194039810542e+00
1.5662363951696470e+00
-9.2585960166801673e-01
6.4131427321786338e-01
1.0208762347339770e+00
-1.3665758777838011e-01
1.3943311011579880e+00
1.4449316210787553e+00
-6.0270364407242127e-01
-3.2806951654370003e-01
-4.9065467972708193e-01
4.2366510078838474e-02
-1.1501761385708364e+00
-7.5677193630205891e-02
4.5249852199165075e-01
1.1001001210930577e+00
-6.4373761629144788e-01
-1.9921197337908745e+00
4.4535334227607254e-01
1.2835405201861989e+00
-3.0755050704217157e-01
-1.3408940656053532e+00
-1.1204217492989870e+00
2.4698440123358575e-01
-5.9191351300508988e-01
1.1258805537858991e+00
2.1517905196251119e-01
-2.8664973052133064e-01
7.3046619475873986e-01
-1.1839627086110269e+00
-1.2602821734618994e+00
7.2016731436564307e-01
9.0298830963186738e-01
1.2412459909367470e+00
-4.6457938700888834e-01
1.6318362458652305e-01
-7.6900496918324074e-03
7.9953467077623230e-01
1.6460711784220403e-01
-1.5156725519031582e+00
-4.3318361651224263e-01
7.9756034544468646e-01
4.6737409012204434e-01
4.4766867637620285e-02
1.3703880279737948e+00
2.1290438529718891e-01
-1.5120012031913783e+00
4.7744003183578038e-01
-2.2223470283866026e-01
5.0864606105099119e-01
-1.5894501176136733e+00
6.0087526300761163e-01
-1.2162546833981087e+00
1.1186107879598564e+00
-9.5557514749625461e-01
-4.4083727419559215e-01
3.3120888373180080e-01
1.2777109622190592e+00
-1.1391331510205645e-01
8.0016816727601769e-01
-3.5705254233688066e-01
-7.9049117878536779e-01
-2.8256702376334819e-01
-5.7381783801693631e-01
-1.3716161820153034e+00
8.1244318443189711e-01
-4.9604673135896604e-01
3.8557773986279886e-01
-4.7756643593976267e-01
-1.3420313029829161e+00
-1.1467185624974194e+00
-7.4917027214876353e-01
3.7207407075940457e-01
-1.1586457535039098e-01
9.7358507944833650e-01
-1.3750600618170956e+00
-4.1577742421089625e-01
1.3606571426436052e+00
7.6554713483335846e-01
-1.8552319026955837e+00
2.0407754281704235e-01
-3.1068310953084938e-01
-9.2365350423408510e-01
7.3476665043428091e-01
4.2502462338039482e-01
1.2737399956991953e+00
-5.1398276310799240e-01
-3.1057456813497059e-01
-1.5432408623076550e+00
-2.0099350915724268e-01
1.0217677866130472e+00
7.3762963782106439e-01
-9.9228193710072377e-01
-1.4511065460332755e+00
3.0227520211247999e-01
8.0070985527267580e-01
1.6407583637143113e+00
-1.2838600635747044e+00
-1.7507495737826226e+00
3.2717358690228304e-01
-6.4357656620343540e-01
4.9565753872354922e-02
4.0274850506510612e-01
8.4830570372210912e-01
-1.0802569317517261e+00
2.2082121355472922e-01
1.5196458537222557e+00
-1.7001726478468715e-01
8.9716495213478908e-01
-1.3011233613168427e-01
2.8573840249378313e-01
6.3079494374112344e-01
-1.0692924188128814e+00
-3.3186874904241925e-01
-5.7946215598209749e-01
-8.3267901281959145e-01
9.9040022297533642e-02
2.4195056116438718e-01
1.9303988006484325e+00
-1.6836197574424567e+00
3.8993310329230646e-01
-7.3130860644937318e-02
-1.2199103657222962e-01
4.4866132190465086e-01
3.4243129996593008e-01
-1.2324588926815967e+00
9.9961034625256562e-01
1.2019966058847573e+00
-9.2507790773132104e-01
-4.5142897211798594e-01
1.7716273523153142e-01
1.5566844550816492e-01
-1.3405711418026411e+00
1.6063980598905530e+00
5.7219142867910688e-01
7.4700301275478309e-01
7.3012406590514867e-01
-1.2019437303528584e-01
-7.3158263602720028e-02
1.3532185030202895e-01
-1.1399517151743486e+00
-9.0113969515349868e-01
5.0985189781033211e-02
-8.1906047137344051e-01
-1.0152789614972699e+00
-1.4081900024311905e-01
1.1534025809471209e+00
-1.5230680009136837e+00
8.3685011184053126e-01
9.6799939829340112e-02
2.1585889861542311e+00
-4.6037779701667786e-01
-8.8587954509010658e-01
-2.2014381063021116e-01
1.6945332043726276e+00
4.5797255247492058e-01
-1.0236447363972807e+00
2.5042368709824275e-01
6.4541294775238800e-01
6.9777007383151943e-02
1.7932133884314965e+00
-3.2545060699460499e-01
6.7338362419130260e-01
-4.8468583031719276e-01
3.8302178837165024e-01
-1.3551119778776684e+00
-7.0024660400219463e-01
9.7663647124001596e-01
-5.5166993586257018e-01
-2.1783342055334689e+00
-4.3173867472456495e-01
-1.8956475180885977e+00
-8.8617397360437633e-01
5.4330668500345503e-01
-7.3972791057662346e-01
1.8053937179026333e-01
1.7353291676357923e+00
-9.3299462963269564e-01
-7.7908894907817572e-01
7.1834754112916940e-02
-1.4760946785134335e+00
2.4472488275965865e+00
3.1556050265573748e-01
1.1360525791180369e+00
-7.8071889054791332e-01
-3.7986162666073831e-01
8.1932929909122065e-01
-8.9900906983287043e-01
-9.5191486446576101e-01
3.9510399559693749e-01
9.9578417623321558e-01
7.1612882441075287e-01
-6.4774828278116903e-01
2.9531203790477467e-01
2.9723603718567160e-01
-1.7836685216427073e+00
-1.4988114851449236e-01
6.8126214073660696e-01
3.7424629554321653e-01
-1.0726941641693806e+00
4.0885183009343978e-01
3.4140601970214751e-01
2.5806598302765615e-01
1.2665356178214215e-01
6.1390461404759933e-01
6.9602697222659182e-01
-2.5276246556682380e-01
4.9322244797712694e-01
2.6778112604485765e-01
1.6380359286553612e+00
6.3288577658658762e-01
1.1698630659414146e+00
5.4524887687757762e-01
4.8285043301655600e-01
-5.5211084674874678e-01
6.1831517628087140e-01
3.2474565898359081e-01
-3.5481752821373710e-02
-1.6193957573271292e-01
1.2775182056249254e-01
-1.3327117635884449e+00
-9.2404358634952910e-01
3.0422125055216225e+00
-9.3927358425476437e-01
-1.9281745209309913e+00
3.4248225736296140e-01
-2.1087922495538322e-01
-8.3527536503415911e-01
2.0412345835686929e-01
1.5440131089277140e+00
-2.5184013081171832e+00
-1.2944721024142996e+00
8.6218519570108454e-01
-1.4675960020268357e+00
9.8946278434341339e-01
-5.7448252414281653e-01
-1.1151008908271076e+00
2.0772046619639744e+00
-1.8439775365045608e+00
8.4822361935344048e-01
9.2439621258870597e-01
-1.6079783112963324e+00
-1.3565272703515283e+00
1.0417043976867537e+00
-2.5634057181641050e+00
-5.8053352101272562e-02
-2.4080295286217493e-01
1.3897045020404413e+00
-1.2640357702081002e+00
-1.1099992991136687e+00
-9.3248245126371565e-01
6.7092096893819320e-01
-6.0855479160978838e-02
-3.3050522658522752e-01
4.1407024812572496e-01
-6.4022160555149932e-01
6.4105391125237254e-01
-2.3158651778927761e-01
-1.2864149953259668e-01
1.4851771555763843e-01
-1.6450230475406675e+00
-6.7998277271622931e-01
4.5162511709764841e-01
3.2743100266245995e-01
1.4861498794418717e+00
2.0805576727272634e+00
7.0975942186386076e-01
2.5991741107438532e-01
3.2896988162332330e-01
4.8580976658842262e-01
-2.1678242359246296e+00
2.6068388091469608e+00
2.5972124853875367e-01
-1.4886049230387024e+00
-5.8480300270308139e-01
1.3287489554012490e+00
2.6414936960954127e-01
-1.3080899228412139e+00
-8.6924219735738661e-01
1.7551583539818809e+00
-2.3200033251065647e-01
1.5777104981452137e+00
1.1636507738279338e+00
1.2303361085366131e+00
3.5834192320087432e-01
7.5253117032588990e-01
1.0468034167416858e+00
-6.1544698349470883e-01
-9.3563613934303691e-01
7.4865046555203416e-02
-1.2804040719558953e+00
-9.5804916823366360e-01
7.3596076946068634e-01
-1.7079877035291274e-01
1.1092823273482844e+00
2.1636860431736591e+00
-6.1259113335201343e-01
3.8431128963912181e-01
2.0160070351781942e+00
1.4167601238858294e+00
1.8907903785431734e+00
6.4945846418857167e-01
2.4366870181817069e-01
6.5089963676256668e-01
4.3066987283863095e-01
-4.9855882552104713e-01
8.7600297481111300e-01
2.0705278150779527e-01
-8.1888578084525554e-01
-3.1507194916888970e-01
9.8828604519575911e-02
1.8739971876746526e+00
6.6664029499047184e-01
-6.3004553607287073e-01
-5.6122867397421161e-01
1.1876714732124177e-01
1.2088588803328386e+00
-1.3302064990319769e+00
-8.3583793131342832e-01
1.8292314161467078e+00
-1.1567484300242028e+00
-3.9307634465052094e-01
-5.9251718421613997e-01
-1.3055950562195604e+00
-2.3284109136091835e-01
-1.4935014905129580e+00
6.8366377205996431e-01
3.6063285582465954e-01
-1.5412185242919252e+00
-1.1360446722059094e+00
-1.7900928374596958e+00
-7.6587118469561311e-01
-1.1210786814939588e+00
1.0959786962593807e+00
-7.3012603613098426e-01
5.5045421646239479e-01
1.4293365157810214e+00
-2.3134136296586791e-01
-2.8255764852070437e+00
-2.7490454186044250e-01
-9.3323538925122837e-02
-6.5990673686027373e-02
-8.7942440950430481e-02
-1.0682760269858091e+00
1.5734511917913102e-01
1.4717858144820486e+00
-7.6233380480426424e-02
2.6136117675048931e-01
6.7192921599445302e-02
1.7523029758836079e+00
-5.6943238252651429e-01
3.8982337709324560e-01
1.0373471514068158e+00
-8.5220638051566822e-01
-1.3331346192296105e+00
2.6700299861452181e-01
1.4441242039776885e+00
-6.8852358684807091e-01
-5.1766406677662202e-01
-2.3167135087456709e+00
1.2372335627693121e+00
-1.9293945274289308e+00
-4.2119552145062650e-01
2.1553411793580476e-01
1.8073217613956873e+00
-3.7775030326259884e-01
4.3412425987548747e-01
3.3382265390908189e-01
5.3634876118191821e-01
-1.0250056413124564e+00
6.6176975770102175e-01
1.5057160305839332e+00
-3.2053803023010152e-01
-5.6022424850792563e-01
1.0188117897986315e+00
5.5243388768160950e-01
1.5275028278985903e+00
4.0382929148882241e-01
3.2571749814807160e-01
1.4458596620576369e+00
6.4485566845355211e-02
1.9002206686777703e-01
-2.6164020333639232e-01
-9.5035135715410057e-01
-8.7406164519567819e-01
7.5774872290692530e-01
-1.8800513784789323e+00
4.5809481867688162e-01
5.7147555571317843e-01
8.7191572939693318e-01
2.3064460628855091e-01
4.3647211406757441e-01
7.6180478454808298e-01
-1.2934436222443157e+00
1.0770244886818744e-01
-1.7583117178048793e-01
7.3174958678305790e-01
1.6787776822162901e+00
-6.5020386611647818e-01
-1.2199461618753354e-01
1.5294729329090277e+00
3.4636815090565230e-02
1.8218226578996238e-01
2.8081334886427706e-01
8.0302403954041812e-01
1.1555252105163469e+00
1.1681493629692288e+00
-1.1520703722114902e+00
-3.4347578016125024e-01
-1.5205658210884228e+00
2.2437787772658209e+00
-2.0191312941520725e-01
-1.8729142731512873e+00
7.8107877610401596e-02
-3.2914517705268354e-01
2.1109231688743884e+00
1.5147109023780103e+00
-2.6130752444523642e-01
1.6845948928394494e+00
-3.3333913762626027e-01
9.8450022364704370e-01
-1.4398443945987611e+00
5.0847957051551831e-02
-1.0032158650112132e-01
-4.7628553976566962e-01
-3.6570085787863543e-01
1.4912392379364614e+00
-4.6695730708003397e-01
-1.4304465834686473e-02
9.1308718208765538e-01
-8.9529945614206186e-02
-1.6285800708275977e+00
1.8402530192134511e-01
-3.3164025546324366e-01
7.7300642953770274e-02
-1.6387242696165598e+00
1.5837729525540634e-01
1.2451511788759395e+00
-3.6113649792158037e-01
1.2311801350612779e+00
2.0707769320420164e+00
6.7432439204643446e-01
3.3114781750774974e-01
-1.4439253429441967e+00
-8.0546351899206936e-01
-1.3948019324365987e-01
-3.8634419674444143e-01
-4.5416289724550424e-01
3.7262839314499346e-01
-4.8471260605763244e-01
-9.7956695609359767e-01
-1.5114982407226725e+00
-9.6387284256355976e-01
-1.0788430953612973e+00
1.0165844618386650e+00
-4.8571255090683724e-01
1.7195065411194665e+00
1.1250414535109758e+00
4.7577207942865063e-01
-1.0954600613299501e+00
1.4182069737918777e+00
4.8313154866552543e-01
-1.2818263667846213e+00
7.7260396259064590e-01
-9.3083290572831351e-02
5.5375332024459500e-01
1.3798076575054996e-01
3.6577402800870401e-01
4.8626625100905918e-01
-1.1386599822252159e+00
-8.2960232031289083e-01
5.9763764612845061e-01
-2.7045185182974835e-01
-1.0091371030864771e+00
-1.3741695596725489e+00
-2.3550619966033370e-01
7.1691856629485995e-01
1.3096647316773755e+00
-1.1420956127085348e-01
-5.3744895079966293e-01
-3.7892814951025733e-01
-9.4971726164322881e-02
-2.8609401572892490e-01
9.5702727724773817e-01
-1.5618121975405999e-01
6.3843072715405424e-01
-1.0288301503488886e+00
8.3427671964121752e-01
9.9663245524259103e-01
-1.6749386814674316e-01
-1.9051055191760261e-01
-1.5111778797280417e+00
-3.2880954133351531e-01
-9.8951096838277752e-01
-4.9333956127767969e-01
3.4329811896280660e-01
7.4417643258657767e-02
-9.2297951066484174e-01
-1.9780971101731204e+00
5.1325797324440703e-01
-9.5707298222115589e-01
1.9828032454729290e+00
6.2433600794386823e-01
9.9439835225480666e-01
-1.0132537201097158e+00
1.4042251814837154e+00
-8.3861173799786670e-01
-6.8305690142487685e-01
-1.1698228676159965e+00
2.5861779902268256e+00
-1.4159552844547012e+00
-9.7574455418911155e-01
1.6902377645569808e-01
1.3597977457225108e+00
1.4463222081788660e+00
-1.1312906498930166e+00
1.7818004251200923e+00
-5.0646168547339543e-01
1.1435168934315161e+00
-3.0113491331986708e-01
1.6135506722809894e+00
-6.0006789708242259e-01
-1.7871755009036799e-01
-6.1468201365384278e-01
3.0684353295896660e-01
4.1730896624511443e-01
-1.3183734939361857e-01
-4.5831521770329903e-01
-6.3221462963366351e-02
3.0568485967681919e-01
1.9769362870707585e+00
2.5871523683949943e-01
5.3997321971798007e-01
-7.1060597385843949e-01
-1.3231910465564445e+00
1.6355387299516229e+00
-2.1228569473932110e-01
-1.0103515465689421e+00
-7.3495701679310499e-01
-1.3256830695513246e+00
8.4355700605224593e-01
