Коши с масштабом 1.0000 со сдвигом 0.0000
0 1000
4.9048754448602727e-01
2.6831386605175020e+00
-1.0568544161614442e+00
-1.4773325859338278e+00
-1.0353691596611481e+00
6.6448247485264123e-01
-7.4210499747975311e-01
-5.8319180210993060e-01
2.3267063981388555e-01
6.2794502749007142e-01
6.4990936055680648e-01
-1.5159310747400903e+00
-1.5787256623853475e-02
1.8070393922250600e+00
-3.1371111235554356e+00
1.3060314844490188e+00
-2.3147748279518554e-03
1.6448589700977462e-01
-7.9771145820146294e-01
1.9325396730507868e-01
-3.0395384699196657e+00
-4.5851653192666153e-01
-7.6733694365277449e-01
2.0088179362949812e+00
2.8891822682822057e+00
6.7047512408695609e-01
7.6615798342393395e+00
1.6820311912477754e+00
-1.5079978679335486e+01
-3.0078482578581398e+00
-9.8347313333304098e-01
3.7140136334047634e-02
1.0397615446254314e+00
2.1365895160904982e-01
9.1952549376274273e-01
6.6927197024629448e-01
-7.5398771323875524e-01
3.4870822158261769e+00
2.4777360013223232e-01
5.4102998753889917e+00
-8.8734885941754937e-01
-1.3047852529984125e+00
-5.7307342666717753e-01
-2.6218226955768613e+00
3.4185060455447655e-02
2.5472505778046500e+01
1.3256541842799943e+00
3.8715334776164340e-01
2.8832365601219173e-01
3.8912991031488670e-01
4.9185818307041629e-01
1.0808379690059435e+00
-1.6070730331061265e+00
1.0277800603400413e+00
-1.7308453249107222e-01
-4.5293659668975842e+01
7.0897043856121194e+00
-6.4679031261036857e-01
-9.7287093987936988e+00
-8.4308532693389230e-03
1.0072096978226170e+00
-1.5470059849682560e+00
-5.7192787312728199e-01
-1.4462173852284547e+01
2.5879546071919568e-01
9.2449695077794347e-01
1.6417631069504643e+00
3.4248803177005160e-01
2.5719500731101607e+02
2.5764678371601135e-01
1.3559632491040807e+00
2.2339416952993880e+00
5.2722952475519658e-01
6.9371842658331468e+00
-2.1527722359852337e+00
-1.0308054649742660e+00
-6.9884181928618516e-01
-1.6092034709408096e+00
-1.2809270235586796e+01
-1.4580892658152736e+01
-1.9444335092702920e+00
-7.1628113704920748e-01
6.3535263649430807e-01
-1.4082654696082719e+00
1.1200851076798564e+00
-1.0429308702714795e+00
8.6670263610376330e-01
-7.1886097296198959e-01
3.9324684584679037e+00
-2.6440313663611484e+01
5.6139938943222312e-01
5.9558810580294781e-02
-5.3322360493706222e-01
-6.6910638089295593e-02
-3.4691192218160827e-01
1.1948161559928890e+01
-6.5825393782168007e-01
4.4626633145209987e-01
4.3894856632213939e+00
1.7308233483531492e+00
7.3276200905996319e-03
2.0778443158436061e-01
-2.8566278267219403e-01
-7.9187317737230395e-02
6.9208267581193395e-01
4.7170976349766075e-01
-3.4349135442821255e-01
2.0960307742743167e-01
1.2357438464731245e+00
-8.1283221163501529e-01
1.4114432530372552e+00
3.7724703147868771e-01
-1.9227776259688992e-01
1.2836416827472024e+00
-1.1268159609885482e+00
3.3300333430634554e-01
2.4880141481503473e+00
1.0174453468812359e+00
6.9897240464225507e-01
-1.9245397033309755e+00
2.0210703380280691e+01
9.3309456620595199e-02
-1.9984426894238758e+00
9.0441037269452818e-01
-4.1213321283301267e+00
-1.2859746037671476e+00
2.9147792795306660e-01
-6.4383970549347622e-02
6.3337760646129893e-02
4.3929687067465423e-01
-1.0270512556606026e-01
8.5605597937951350e-01
-2.0361961958770278e+00
-2.7255857774146997e-01
-6.2431560635627847e-01
2.2308674107332913e+00
1.0493429328349120e+00
-1.6870116840009555e-01
-1.6261707364739031e+00
1.3388994817329675e-01
-1.9822438661182131e+00
-5.7323767940052950e-01
6.9012352563596169e-01
1.1282126907866405e-02
-3.5435835799496490e-01
3.5160627570480635e-01
-6.8070069023995552e-02
1.9591498137462928e+00
-4.8319451508324934e-01
-8.2061003498763663e-01
-6.4209095255844293e+00
3.1638898740143837e+00
-2.2603861419726234e-01
-6.0279953472007151e+00
5.1025288709864181e-01
1.7803792290486944e-01
4.4713074752801740e-01
-7.7608434822898609e-01
-1.6943189103602688e-01
-1.1744506549378131e+00
1.2666687595052656e-01
-2.0295661136343446e+00
-9.8849258205783586e-01
3.7009181578391498e-01
-1.5983722470288129e+00
-9.9433331909749595e-02
-2.0238714595212071e+00
1.4266750942156945e+01
2.6511268351995928e-03
-7.4059995598439876e-01
-3.6652120012946301e+00
-6.7832379171315471e-01
-1.2635057433474601e+00
4.8039582303880279e-01
3.4093828225353995e-01
-1.8341460236606477e-01
1.5209067564910344e+00
-9.8566610913435437e-02
1.4106235656037158e+00
1.2951059129898517e+00
-3.4911021027696548e-01
-5.5670366851196318e-01
5.8166844070915280e-01
-5.1834288809372051e+00
3.8007702867594434e-01
1.1425776015987992e+00
-5.6980963697334441e-01
-2.0770482250190717e+01
-4.7115069680005328e-01
3.5221384472664252e-01
7.1408779412995917e+00
-3.6737917320195274e-01
3.0666769199137228e-01
-1.4189102918719836e+00
-1.1630640282567335e+00
-2.8315655080183477e+00
-2.5677298345328037e-01
-5.5091276922103738e-01
2.3061014223957187e-02
6.6637675435901478e-01
-4.8910196975743832e+00
1.0805526409018214e-01
-1.0258544059916415e+00
-6.4434403199153278e-01
2.9444029659902010e-01
-2.9040689263523982e-02
3.3231260628718218e-01
2.0858719038979201e+00
7.7631735597230493e+00
5.6667871434971262e-01
-4.6253111236033581e-02
-4.9815435752897530e-01
-7.0708117384108138e-01
3.4541590394847721e-01
-9.1703877890949814e-01
6.8028222042787911e-01
2.3192763529832700e-01
-6.2698446939921271e-02
-1.8638825314162904e+01
3.2733886439869264e+02
-1.0319908292225199e+00
3.3262474497950628e-01
-5.5816694280665013e-01
6.0437320347033472e+00
-6.5099501995104481e-01
8.1665378179343850e-01
-1.7884875256672253e-01
1.9301847009634738e+00
-1.4176499743733967e-01
-1.4884662453872353e+00
4.0739716006628651e-01
-1.6967183408251714e+00
-1.0558629291441675e+00
-1.4560812105610532e-01
2.2244644327820651e+00
-1.3340345661814803e+00
-3.2093643815959916e-01
7.4909963220096498e-01
-2.0407846870452282e+00
1.1686820497542140e-02
3.1902831133282210e+00
-7.9822206225752801e+00
-1.8093185496111166e+00
3.4106142232597042e-01
-8.0953920340922039e-02
-6.9718676587292028e-02
9.8587670714061648e-01
-1.2155525492075050e+00
4.9246390691981512e+00
-1.9064536989264766e-01
-1.5425471592307916e-01
4.9638330301824457e-01
1.2002301112741157e-01
-1.4498468577616871e+01
4.8413605992806259e+00
7.4132816516466815e-01
1.0691995038797693e+00
-7.9188839453340532e-01
7.8138847780021792e-01
5.6152248475882516e-01
-1.7501599283456684e-01
-4.9857226726503739e-01
-1.2033399314053307e-01
1.4832638514408709e+01
-3.1411705150416958e-01
-2.0368904857846179e-01
8.7446861543832743e-01
-1.1530441043419930e+00
4.1704487176368994e-02
-7.6139737695453735e-01
1.0045669989151489e+00
2.1116862558722440e+00
-5.7121511347536547e-01
1.3870889715592077e-01
-1.9432232874578437e-01
-1.1972982835277153e+00
6.8250332284399740e-01
6.9278964456098557e-01
-1.0499551347065306e+00
-1.1621354800783398e-02
-5.0999300188784504e+00
-2.2496359576526370e-01
-7.9944695653202980e-01
9.9925221357627714e-01
-2.2876717174012700e+00
-7.2520284669898940e+00
-3.5265322701178072e+00
-3.3504656113905620e+00
7.0739152244263765e+00
-1.0025380044611740e+00
5.5264545937312837e-01
-1.0708951386209498e+00
2.7500533260502316e+00
2.6094134331517078e+00
1.8950684938392717e-01
-1.1945873366727287e+00
9.2867049059594962e+00
-1.5080362077446674e-01
9.5231459835888765e-01
1.4494588436890867e+00
2.2420728607532567e-01
1.3604716780782724e+01
-1.0867891030004166e+00
-1.0018089456479877e-02
-1.3314423347855913e+00
-4.8590179245942746e+00
-1.0628547095347238e+00
-1.0509225732124026e+00
-1.1566194688457336e+00
2.9210974351517810e-01
-3.6153144423710043e-01
-1.2611767404819183e+00
1.2369120976459108e+01
-6.9252298185088079e-01
-6.2413306954644487e-01
5.1174804141022989e-01
5.8672583095216986e+00
3.3396465642857929e+00
5.5655102392867528e+00
-4.2323231294176983e-01
1.5998709739951920e+00
-3.5069723278927811e-01
-3.5597851551245885e+00
-1.7306970934490764e+00
5.3691470697218435e-01
-1.4628703120422855e+00
-2.6237070642743792e+00
2.6664155587743594e+00
2.9004125722161280e+00
3.7148914233497046e-02
-1.9606228358862068e+00
1.3980749620955255e+00
5.0188044285055335e+00
1.4171705415382576e+00
7.4612910750703676e-01
3.0258289346168411e-02
-3.6417477902143913e-01
9.4475265272765940e-01
-3.5371892766261009e-01
-1.3334092687258434e+00
3.2080762620077428e+00
2.7501820620923806e-01
5.5007811898555701e+02
2.2086644174553469e+00
-2.6742349829090345e-01
2.2130150262815140e-01
-2.2431999584719633e+00
6.9415151407827835e-02
-5.0962488051391230e-01
2.1888969827358068e+01
6.3934499112591197e+01
7.3844602434128426e+00
1.7680697967666084e+00
-3.7119261874744445e+00
-1.3365994736117432e+00
2.0001002842356614e+00
-4.9406625592470488e-01
-1.0321399388937609e-01
-8.1430828939701227e-01
1.2513672105249343e+00
-1.4380428326140249e+00
-2.1973529270532022e+00
-6.8943365165852599e-01
2.0216031248514179e+00
-2.5292626017627090e-01
-1.6492382741958007e+00
-2.0449295386220490e+00
7.0545794052303479e-01
2.5313146249027167e+00
-1.8658246878947566e+00
7.2546039747831870e-01
7.8909726945715475e-01
1.0317333861098012e+01
-8.8779851226685591e-01
-9.8658511715397768e-01
-1.2676003059899341e+00
2.6191923246083681e-01
-7.5131828137204737e-01
-1.4744029841503377e+00
-5.0862740861558873e+00
-1.5347944789612697e+00
7.3413598968367377e-01
1.0629795810592804e+00
7.2496195560347654e-01
-5.4769245412516145e+00
-1.8234138624345350e-01
-6.2251876575128904e+00
-3.0702019202728610e+00
2.7630542171509620e-01
8.8395585778823638e-01
3.2118146449297019e-01
1.2781594048034848e+00
1.7850336012311274e-01
-1.0498625035668157e+00
3.4191324549152933e+00
7.5199718835945328e-01
-1.2771529923545019e+01
-1.2942108582836317e-01
-8.2466062964959193e+00
1.8855811429606542e-01
-1.3207763081976285e+00
1.3090744513030892e+00
-1.6597571051543827e+00
-1.5967087956818906e+00
-2.4016968371747499e+01
-2.7771726444604998e+00
2.8588541861214795e-01
1.1919902126062327e+00
-1.2865242315006302e+00
8.5244584241860322e-02
2.2579246265482969e-01
4.9324410190640239e-02
-7.2189098587096689e-01
1.0640031912866961e+01
-5.0716260761263221e-01
4.9172917084607515e-01
-1.3676998900367419e+00
-2.1714777650943057e-01
2.9897024983666232e-01
-1.0111343644869117e+00
4.0870655489114673e+00
-8.5509635221112890e-01
-6.2945576956044569e-01
2.7634218498486458e+00
-7.3370810585119273e-01
1.8977680873080194e+00
-6.2379568019309128e-01
4.1960218282600309e-01
-1.4208665166681365e+00
-4.1180567209582479e+00
8.4679023523616614e-02
-7.0677954543652721e-01
4.7065667602871203e-01
1.7659881310061525e+00
-9.3866149264426635e-01
7.1206963083798174e+00
-9.9810281901142384e-01
-6.8965459423103672e+00
-3.7106077215978526e+00
-1.6922820304353552e+00
2.5201354697572437e-01
1.5714681905280836e-01
5.2574663657848610e+00
3.1681047447246979e-01
1.8722716641614592e-01
1.6514305287358091e+00
1.4461507229995716e+00
-9.3861341580985480e-01
-1.5749713092947362e+00
2.1315320133602302e+00
-1.9432470198435394e+00
2.4213275664394682e-01
-4.3201791101225645e-01
-4.1591248977308716e+01
4.3793739042549928e+00
-4.0992187768877314e-01
-2.4735707132346832e-01
1.1411574632235804e+00
-1.4143160213365196e+00
-2.6094257254085003e+00
5.3660351791873486e+00
-1.6061481717345134e+00
9.3517254778817327e-01
1.9081021806892964e+00
-1.7242209659900889e-01
3.8145973637596096e+00
4.2096374098231149e+00
-8.6306942431313849e-01
-4.2741687299258285e-01
-6.7120314962428451e-01
5.3132580180910868e-02
-2.4134486588959287e+00
-9.5041467328379939e-02
6.1083654492182393e-01
2.2028559802849168e+00
-9.3981481152791857e-01
-1.3708425655630403e+01
5.9977322653362453e-01
3.0891914315577993e+00
-3.9879376610081063e-01
-3.4429339803933026e+00
-2.2858566565565179e+00
3.1639619849058737e-01
-8.4351801863389431e-01
2.3087133848366466e+00
2.7419768020569651e-01
-3.7002536708347711e-01
1.1161053562213417e+00
-2.5677133626447524e+00
-2.9575878177099990e+00
1.0940663333329135e+00
1.5405777890273054e+00
2.8545391096792216e+00
-6.2971063115838444e-01
2.0647767712774476e-01
-9.6382514369692633e-03
1.2726809079856736e+00
2.0831367502467221e-01
-4.8440595240510671e+00
-5.8109543779387451e-01
1.2679790422033892e+00
6.3410765677884551e-01
5.6147103167519641e-02
3.6426613469695299e+00
2.7120416374801287e-01
-4.8085188124634195e+00
6.5004318058398969e-01
-2.8350302683920359e-01
7.0046688637720056e-01
-5.6274537235270650e+00
8.5973869883399434e-01
-2.7252697762882185e+00
2.2783272306982423e+00
-1.6952385133134127e+00
-5.9281804843023234e-01
4.3183125283879681e-01
3.0555984884032692e+00
-1.4343264418037027e-01
1.2741925701151187e+00
-4.6854655722367533e-01
-1.2512584481961340e+00
-3.6444885692249107e-01
-8.1128215196892262e-01
-3.6512613410905499e+00
1.3037735368107870e+00
-6.7991751572669534e-01
5.0990258517697551e-01
-6.5024428371766463e-01
-3.4503993063623577e+00
-2.3982371105897018e+00
-1.1569625391931322e+00
4.9021110738582074e-01
-1.4591294923238002e-01
1.7515075117513741e+00
-3.6755010866026887e+00
-5.5472987132195606e-01
3.5753362611352131e+00
1.1936510526997908e+00
-9.9822492506660563e+00
2.5961661259398355e-01
-4.0313850645692001e-01
-1.5997127276326135e+00
1.1254031567430103e+00
5.6868671900180834e-01
3.0329510479821415e+00
-7.0925168677499362e-01
-4.0298781774201098e-01
-5.1209244089908665e+00
-2.5557853923027118e-01
1.9111842935174150e+00
1.1316245938913563e+00
-1.8118405861479816e+00
-4.2610069744172128e+00
3.9149701356633204e-01
1.2754863109488204e+00
6.2598001206035390e+00
-3.0910447926545608e+00
-7.9169095951701465e+00
4.2615882281915662e-01
-9.3950585352031590e-01
6.2175968807845927e-02
5.3525204975326013e-01
1.3934890764144805e+00
-2.1248674695765257e+00
2.8163639888687841e-01
4.8828680683080190e+00
-2.1530002271654275e-01
1.5242796456234740e+00
-1.6406132436732471e-01
3.6877941245700807e-01
9.1518508865254500e-01
-2.0830157767581134e+00
-4.3276033374797940e-01
-8.2126418460259099e-01
-1.3537770651857322e+00
1.2456395086723637e-01
3.0967292385641326e-01
1.1858616311944935e+01
-6.8522675516651139e+00
5.1629893536065252e-01
-9.1831147153089807e-02
-1.5370835690574638e-01
6.0488610673787502e-01
4.4769093324416037e-01
-2.8083271627958610e+00
1.8360415204664466e+00
2.6544295168741852e+00
-1.6038651252501066e+00
-6.0917584112449852e-01
2.2454832609187184e-01
1.9679958056121596e-01
-3.4408175253759485e+00
5.8277115116733080e+00
8.0841787103372309e-01
1.1521721921246866e+00
1.1153680817983169e+00
-1.5142099198405901e-01
-9.1865688877833543e-02
1.7071458137899309e-01
-2.3687641691433754e+00
-1.5353868710059095e+00
6.3959788447405991e-02
-1.3199528322249277e+00
-1.8888659845795537e+00
-1.7774605470330179e-01
2.4277371907961545e+00
-4.9165834531633852e+00
1.3642815425775650e+00
1.2172747804473794e-01
2.0598372401537272e+01
-6.2312205491133044e-01
-1.4931383128632889e+00
-2.8074227123232642e-01
7.0134132621600260e+00
6.1936212023831905e-01
-1.9176893265032737e+00
3.2099991508675924e-01
9.4303251892459661e-01
8.7604679715421213e-02
8.6899107425352753e+00
-4.2374161029949359e-01
9.9779306796261047e-01
-6.6161126548952065e-01
5.0615926973978353e-01
-3.5376083831493452e+00
-1.0523226184847057e+00
1.7612183259783292e+00
-7.7272876363776644e-01
-2.1652229383144061e+01
-5.7889133025467532e-01
-1.0944551923300068e+01
-1.4939434347266090e+00
7.5841760942849057e-01
-1.1362003829061207e+00
2.2892728292318046e-01
7.6562279863110216e+00
-1.6271278141983647e+00
-1.2246603024774485e+00
9.0197558824375149e-02
-4.4764353800963361e+00
4.4217088627362095e+01
4.0992089858057257e-01
2.3519583362398815e+00
-1.2284347967779408e+00
-5.0154157061507509e-01
1.3206136168868339e+00
-1.5294238279341226e+00
-1.6840169005184031e+00
5.2392234116762393e-01
1.8233666260476247e+00
1.0855105020910141e+00
-9.4752933273833673e-01
3.8190292595496800e-01
3.8454969099570346e-01
-8.5087763633726521e+00
-1.8936314704970922e-01
1.0135829785661716e+00
4.9336464678897718e-01
-2.0959078915453095e+00
5.4434957716659926e-01
4.4623675840284921e-01
3.3125986332704593e-01
1.5964933644771442e-01
8.8363520800704864e-01
1.0436259347651349e+00
-3.2413531255246719e-01
6.7534715458665084e-01
3.4436466833534191e-01
6.2242320759027923e+00
9.1913680882206616e-01
2.5020719126239053e+00
7.6172931877965133e-01
6.5867320409780206e-01
-7.7348693168435612e-01
8.9181054263518234e-01
4.2275343997157233e-01
-4.4489771926754483e-02
-2.0487386749275502e-01
1.6104981524379050e-01
-3.3897612280477007e+00
-1.6008488921899793e+00
2.7107841517293065e+02
-1.6458027105505209e+00
-1.1797534183208681e+01
4.4776323492639691e-01
-2.6854159142447398e-01
-1.3603076228643596e+00
2.5967677259025029e-01
5.1289412854237391e+00
-5.3995491673709822e+01
-3.1533129218998641e+00
1.4295970043017818e+00
-4.4017797562612246e+00
1.8026147873566840e+00
-8.1245427904979073e-01
-2.2638090810623117e+00
1.6829728574797546e+01
-9.7319865519311382e+00
1.3932779012173846e+00
1.6018766080816713e+00
-5.8468039838116530e+00
-3.5471942173823208e+00
1.9814344474769043e+00
-6.1414212638850103e+01
-7.2846687186442327e-02
-3.0814259661771948e-01
3.7806593997912357e+00
-2.9783944429095524e+00
-2.2428818644987150e+00
-1.6256133117534326e+00
9.9289115606964706e-01
-7.6371948366278891e-02
-4.3084098191517561e-01
5.5216539841425971e-01
-9.3308404588539973e-01
9.3467463513631555e-01
-2.9588459174732562e-01
-1.6218462435717851e-01
1.8761321274149884e-01
-6.3159951380180051e+00
-1.0110076529387075e+00
6.0948027448078435e-01
4.2652020276434788e-01
4.5666688908008579e+00
1.6968493168054088e+01
1.0721135681086074e+00
3.3375183672940689e-01
4.2868193187383002e-01
6.6341307256451176e-01
-2.1083843684267528e+01
6.9660708538546132e+01
3.3348768746913432e-01
-4.5890195423220170e+00
-8.3076993774478414e-01
3.3643454552332188e+00
3.3945748867084213e-01
-3.2353042487100545e+00
-1.4482669226870040e+00
7.9933303854754794e+00
-2.9643376853875480e-01
5.4934377666061716e+00
2.4737317068211655e+00
2.7972884105856641e+00
4.7039651240874469e-01
1.1644208861320116e+00
1.9998192228352791e+00
-8.8648909774840079e-01
-1.6349597743129929e+00
9.4017401457592867e-02
-3.0710662145791376e+00
-1.7028637891312393e+00
1.1279949703408447e+00
-2.1631033440570405e-01
2.2399572402407637e+00
2.0864718571872583e+01
-8.8120907048897468e-01
5.0804685223824952e-01
1.4512009688114505e+01
3.9841755732412469e+00
1.0823397808352000e+01
9.5083089959079692e-01
3.1196573423507951e-01
9.5361875467374013e-01
5.7726280885612213e-01
-6.8399365848730698e-01
1.4663542991161793e+00
2.6351735156046002e-01
-1.3195235861839136e+00
-4.0924054514084429e-01
1.2429618908059360e-01
1.0416317488999724e+01
9.8440817648087109e-01
-9.1377120432725767e-01
-7.8924953882217153e-01
1.4960471732381297e-01
2.6882675379403005e+00
-3.3736682248184011e+00
-1.3617261465001509e+00
9.4150133949795762e+00
-2.4426510390504887e+00
-5.2092916227917185e-01
-8.4460524027464678e-01
-3.2201041595278928e+00
-2.9754989040766144e-01
-4.6339781876789523e+00
1.0184292674815900e+00
4.7368786157155013e-01
-5.0999990874073573e+00
-2.3519243864827013e+00
-8.6302026103075740e+00
-1.1943858872739972e+00
-2.2885945184846115e+00
2.1864142648201117e+00
-1.1153723265393081e+00
7.7064019753749458e-01
4.0830578697677078e+00
-2.9555929742570630e-01
-1.3488711948506221e+02
-3.5401914840710685e-01
-1.1732812575937202e-01
-8.2835745210176420e-02
-1.1052437039255168e-01
-2.0791797668563006e+00
1.9895668082831863e-01
4.4384027181796268e+00
-9.5742861202867388e-02
3.3569686457067799e-01
8.4349708263990575e-02
7.9437384384841057e+00
-8.0357110521912278e-01
5.1613751379149475e-01
1.9658606758490265e+00
-1.4035560521010675e+00
-3.3924861258226042e+00
3.4331242993658279e-01
4.2029735762319955e+00
-1.0282837492927441e+00
-7.1534007661086696e-01
-3.1014603776928556e+01
2.8333333663133295e+00
-1.1830992319400448e+01
-5.6289382646700936e-01
2.7466523529329445e-01
8.9659236809541394e+00
-4.9846287924935007e-01
5.8253181933215625e-01
4.3551390621225577e-01
7.4661096214331824e-01
-1.9224198162420780e+00
9.7481389925060358e-01
4.7483762083775600e+00
-4.1686515474025221e-01
-7.8750520016241077e-01
1.9009845115927961e+00
7.7404265264006289e-01
4.9606796578084005e+00
5.3685966154417963e-01
4.2411585248513489e-01
4.2173118886760843e+00
8.0940760574382986e-02
2.4125556598549264e-01
-3.3607294508566743e-01
-1.6792451808920701e+00
-1.4611402386144541e+00
1.1760715573422635e+00
-1.0560997869670322e+01
6.1955304427989344e-01
8.0715883723949033e-01
1.4553958105536127e+00
2.9463498874252902e-01
5.8612232470539571e-01
1.1851899042352316e+00
-3.1472165922306887e+00
1.3554556413366636e-01
-2.2282303906006151e-01
1.1188741936839619e+00
6.7821560460003969e+00
-9.5227218831442151e-01
-1.5371291524212841e-01
4.9804162640671672e+00
4.3429404927614289e-02
2.3105990115404840e-01
3.6205770621046818e-01
1.2810254100559160e+00
2.4371871905979572e+00
2.4942190310779941e+00
-2.4218263766467127e+00
-4.4917343761874828e-01
-4.8919051841623409e+00
2.5608956767194808e+01
-2.5678208240725758e-01
-1.0390681170451973e+01
9.8107215715342547e-02
-4.2892832211292187e-01
1.8286547812562201e+01
4.8347207739467137e+00
-3.3562455700228216e-01
6.8664892255314669e+00
-4.3483215372158468e-01
1.7864865886524190e+00
-4.1678542248180301e+00
6.3787314727594413e-02
-1.2618731643812112e-01
-6.4820758407372625e-01
-4.8098921189016686e-01
4.6131436736312539e+00
-6.3345116894565312e-01
-1.7929298690845474e-02
1.5692200255565720e+00
-1.1253084565722266e-01
-6.1025118779804668e+00
2.3345393798823610e-01
-4.3243856988973134e-01
9.7088938823276655e-02
-6.2332027857549548e+00
2.0028521428420260e-01
2.8753479559463710e+00
-4.7441219615362379e-01
2.8016716771965000e+00
1.6567331339405335e+01
9.9966987388711859e-01
4.3174529397249023e-01
-4.2013341952051890e+00
-1.2868855852313121e+00
-1.7603251758823391e-01
-5.1102659087916336e-01
-6.1342412937220736e-01
4.9101534268422142e-01
-6.6165416694741697e-01
-1.7705936834958413e+00
-4.8036735088914675e+00
-1.7209433392301792e+00
-2.1194220922082807e+00
1.8933351456968412e+00
-6.6325714463703522e-01
7.3990811579040043e+00
2.3051841807626055e+00
6.4739186592784215e-01
-2.1843544201303571e+00
3.9954096653893156e+00
6.5912286211267856e-01
-3.0792706320008403e+00
1.2097330042464927e+00
-1.1702420775066195e-01
7.7631452382828714e-01
1.7411421227313192e-01
4.8109483208425030e-01
6.6414544644401918e-01
-2.3631823934081106e+00
-1.3460726209805327e+00
8.5385865545934070e-01
-3.4797973965024459e-01
-1.8679815400249666e+00
-3.6692156479631475e+00
-3.0109093486537197e-01
1.0871798461486519e+00
3.2449406811517534e+00
-1.4380913520912919e-01
-7.4847188318093205e-01
-5.0017976054199276e-01
-1.1941350374071563e-01
-3.6926552038280325e-01
1.6997102042728167e+00
-1.9745915492454125e-01
9.2966723506006632e-01
-1.9357768647421294e+00
1.3577926001132548e+00
1.8261692220256118e+00
-2.1203977963611387e-01
-2.4189189651310997e-01
-4.8005902615882867e+00
-4.2845658820766541e-01
-1.8027720828704397e+00
-6.7553641336238701e-01
4.4892119217237531e-01
9.3453311307530568e-02
-1.5977514023385841e+00
-1.3260577627797279e+01
7.0805573903513286e-01
-1.6998511314725813e+00
1.3408975637492162e+01
9.0304242582794114e-01
1.8187971901584457e+00
-1.8819538018842210e+00
3.8883572704199514e+00
-1.3687387365577741e+00
-1.0172031858112007e+00
-2.5018874002074170e+00
6.5594171723216448e+01
-3.9779421541065942e+00
-1.7583744683649827e+00
2.1401607708595743e-01
3.5694591221362137e+00
4.2211429794181328e+00
-2.3316068204359484e+00
8.4738411032175041e+00
-6.9688514880611274e-01
2.3842434322481325e+00
-3.8992300222941900e-01
5.9147135591090523e+00
-8.5827025839398818e-01
-2.2656397330948883e-01
-8.8507298015346525e-01
3.9781445184173575e-01
5.5703371579602379e-01
-1.6626331608739298e-01
-6.1989726248352983e-01
-7.9349511905978096e-02
3.9621039919776685e-01
1.3224264840265647e+01
3.3213345465716282e-01
7.5274999209687021e-01
-1.0738873502308275e+00
-3.3290637466646742e+00
6.1918138752621692e+00
-2.7039048521509013e-01
-1.8720926948366012e+00
-1.1258160490793447e+00
-3.3448308674868663e+00
1.3813174105710417e+00
