Нормальное с масштабом 1.0000 со сдвигом 0.1000
0 25
-6.5288408714832291e-01
-1.3679808223388226e-01
-7.9642795510766984e-01
-8.5015750629957809e-02
1.4378637746319480e+00
1.4044454244489504e+00
1.1905690153222719e+00
9.8683768349384982e-01
5.1720064310997615e-01
8.7022049220103836e-01
4.4041991465036950e-01
1.9066863800415139e+00
1.0899862362166812e-01
-1.1677979013389436e-01
-8.3847403344138527e-01
2.0573951830996190e-01
5.4249412395376262e-01
7.8195285226431965e-01
7.7208950840737434e-01
8.7249361345368159e-01
-1.1819457371340663e+00
-4.8328287885679705e-01
-4.1511399997130377e-01
-3.9676758623169162e-01
-5.1208123801063765e-02
5.8114995990865082e-01
-9.0171984510775005e-01
1.1764297741034042e+00
2.2034495690740349e-01
-1.3181302818971350e+00
-5.7215518572866308e-01
-4.3425135876053628e-01
1.7514187961365801e+00
1.3188938655911842e-01
-1.2311748682966639e+00
-9.6514819693217391e-01
6.2995230017725479e-01
-5.3846636035044892e-01
-6.0912390834541663e-01
-1.4976597225409691e+00
4.0468621944603989e-01
-6.9931290479701536e-01
-1.0120917484696406e+00
4.4037583414309867e-01
-1.4341615026774168e+00
-1.7786851407167639e+00
-9.2726724988390907e-02
-4.1431676266259834e-02
-4.6989030531020598e-01
6.5714639154600429e-01
7.6585330000746810e-01
8.7391978027238115e-01
-5.6065412387842228e-01
-5.1414189543309807e-01
-1.7832061101081740e+00
3.8426195507992111e-01
1.6948326992871743e-01
-9.7468686053885334e-01
-4.8352121188145619e-01
-3.9341067755784398e-01
1.0615423799516150e+00
1.1742413201425599e+00
5.1719186193992817e-01
1.1159769484791011e+00
-7.4120461546909000e-01
2.1231239959966923e+00
-8.2088799983382546e-02
2.9213357407497633e+00
-3.0609578524652825e-01
7.9482549635616362e-01
3.3266566878381643e-01
-8.7794902989010118e-02
-3.6211791844963565e-01
8.2332691806290748e-01
9.2750564105560637e-02
4.5119291396029881e-01
4.1649825436493662e-02
1.0974609295832196e+00
1.0789507690620176e-01
-7.6561645012799906e-01
1.4678833422422316e-01
-6.7314229638850198e-01
1.5093475202823736e+00
3.5367881881935537e-01
4.6759740634762098e-01
-2.9440633113857282e+00
1.0895448500675425e-01
-1.5716435800144342e+00
2.7112460487560739e+00
2.7949945106452684e-01
-7.0769950241593482e-01
7.2703199636122218e-01
7.0734538707992078e-01
1.1922747106016991e-01
7.8162503420491469e-01
1.0048725964439791e+00
-2.4648804923190282e+00
-9.6769091750474490e-01
2.2247326952671278e+00
2.8995152815100872e-01
2.0331246747244176e+00
-6.9579188731280928e-01
3.9941009875114952e-01
2.8327186494604756e-01
1.1848649681812635e+00
-6.4774835735134018e-01
-1.9667747575384600e-01
3.7642834698513639e-01
3.7105629540150092e-01
-4.6765925651105023e-01
2.0126585760877586e-01
4.8029613730439430e-01
4.8894069038480509e-01
-4.5857976060633865e-01
-4.1930070767363742e-01
1.0840913282988132e+00
-7.2295328099170686e-01
2.6111127283101337e-01
-1.7380855996232341e+00
-3.3600244277377339e-01
-8.0801835108104861e-02
-1.5392258974190969e+00
-8.3183968717534096e-01
-2.0154369554584037e+00
5.4831109509217324e-01
3.0224601427049352e-01
1.1621184382913130e+00
-1.2436660206626367e+00
1.3077485397140640e+00
-6.6927599101218449e-01
2.8481799428223142e-01
2.9657046517632169e-02
-7.2657332673993491e-01
-8.7982723910048866e-01
8.4330448814559167e-01
-1.4469403327859247e-02
-2.3302818162731933e+00
-1.9387005314355481e+00
-1.1347222101079815e+00
1.0876141247582975e-01
-4.3691908013921582e-01
1.5559144991937374e-01
-1.1259679933200319e+00
1.1471312169634285e+00
1.0116766647363249e+00
4.1830422063691258e-01
3.4925810751811204e-01
5.2409603676158945e-01
-2.0320469537628405e-01
1.8905606428692274e+00
8.5900942880569198e-01
-1.0470002730437309e+00
3.4526903784914220e-01
7.7653333722405715e-01
-1.0604092844298085e+00
-1.0864991862119311e+00
1.6621160766408589e+00
-1.0840033533021378e+00
2.0301004574700694e+00
7.6709995454232427e-01
-1.6465659527983918e+00
3.3380088708620359e-02
1.1837318903089689e+00
-7.7391408439157525e-02
8.6229404123848108e-01
1.4021382635727526e+00
-4.9076067830087877e-01
4.4316250438374466e-01
8.8335377266261583e-01
1.4513024268180739e+00
9.5604656053412085e-01
8.5705538467789499e-02
1.6226013979282930e-02
4.3528474341748641e-01
-2.1702710589168102e+00
8.9649349409013743e-02
7.0781276079165190e-01
1.2139767661202228e-01
-3.8727402134097705e-01
-1.4574840379842199e-01
-1.0517431813197700e-01
-1.2749960374891149e+00
2.8669431558779374e-01
-3.9633965687596168e-01
5.4569184558091066e-01
6.8048248455372007e-01
-2.8621626190402671e-01
3.5436281355152627e-01
2.0992845961891593e+00
-3.6553863619314353e-01
2.0305896595269166e+00
-2.4737344737875960e-01
1.6408222116432791e+00
-6.1152833336229462e-01
1.3879316620977340e+00
-3.2771100038095691e-01
4.9026437702435305e-01
-1.0353171930243521e+00
-5.1781652847440029e-01
3.0076169893758370e-01
-1.3759946587367136e-01
8.2474989505392782e-02
-9.7290271002662881e-02
3.7766962502644863e-01
3.6157161295893941e-01
-1.3675770910301011e+00
-3.6174487349789552e-01
-1.9808712661013889e-01
-7.2329005165497295e-01
1.0429167502280265e+00
4.6223026820552093e-01
3.4777065808196556e-01
2.1840391314510814e+00
2.2324082163903429e+00
-2.6048130484569487e-01
-5.4273007267195095e-01
9.6495195397429223e-01
-4.1934706476104966e-01
7.6979837061718015e-01
-1.6389342490014653e+00
-4.8162203735744141e-01
5.2938311666967042e-01
-6.9184106571690174e-01
3.1401997061442405e-01
-1.3691433519148495e+00
1.3356630447093898e+00
7.0794393645742482e-01
2.3095330812173200e+00
-7.0056863879128140e-01
3.6048763950133598e+00
8.2528423827328523e-01
-3.5008142348944365e-01
-6.9291946322085984e-01
2.4412025930001627e-01
-8.7816319878776450e-01
2.6916537757127196e-01
1.2054665867176677e+00
-3.7222532872518654e-01
1.6905442395234631e+00
5.1139211233972859e-01
-1.5848022723478192e+00
3.9597576349461805e-01
-1.2056047185558338e+00
-2.1592482123158926e-01
-1.2010064203519528e+00
1.4929667188225013e+00
-6.9521432075756628e-01
-4.0850118053543216e-01
1.3275823076191455e+00
-7.7187669410884258e-02
2.9173106883129474e-01
7.4849257820097148e-01
-1.5976279969549920e-01
-3.7213485286797587e-01
-2.0109986595230017e-01
-8.6737159683617815e-01
1.9801298135008165e+00
-1.8006263702524978e+00
2.5518780123614118e+00
1.2188552781373689e-01
1.4420315186381327e+00
-3.8114122045242799e-01
-2.0264042382245243e-01
5.5474210551126890e-01
1.2788574499643560e-01
-1.9332496783378084e-01
-1.5592619412551361e+00
-1.3058815732861462e-01
5.0233497691394768e-01
-1.1117446988304369e+00
9.4909118380752042e-03
1.7348630294426284e-01
1.4437902847329167e+00
-1.7795029235106699e+00
-2.3080265163365718e-01
-6.5867523831666008e-01
2.4145286163164572e+00
7.0618912355451002e-01
-7.6177159787806148e-01
6.3931859675530589e-01
9.9338375779838395e-02
-4.6800969455909908e-01
5.8254536256516898e-01
6.3606310370979202e-01
-1.7667583583209951e+00
1.6066150787518707e-01
1.0193948727412183e+00
2.0701364575036303e+00
9.1206018071509043e-01
-1.0515715880201417e+00
-1.1183635122115707e+00
1.9668951841883686e+00
-1.5339937405946957e+00
-2.7575994432085777e+00
1.7897460204109755e-01
4.3962478601025406e-01
-2.3490640515028471e-01
4.2477160045168150e-01
-7.2416175547063599e-01
-1.0704275353244014e-01
7.8742462795256041e-01
2.2557040805394482e+00
8.7440564675419996e-02
1.5229022627813049e+00
-1.9630969232004083e+00
-1.9706958354647983e+00
-4.5884601149881044e-01
-1.8812473082838632e-01
3.0012597938338337e-01
-1.1619282201738859e+00
1.1106559982154505e+00
-1.0580652024579175e-01
-1.9325525809752633e+00
1.3002953540690017e+00
1.4731674098409759e+00
-1.3045748783767546e+00
-6.5449133643927293e-02
-3.2600261992958668e-01
1.2305071093484397e+00
2.4420052082014101e-01
4.6809192360280566e-01
5.0607597320395925e-01
3.2160043157302642e-01
-6.0406387724091093e-01
1.2583962079937389e-01
7.9655956481649359e-02
4.4270977930631167e-01
-1.1355773642085552e+00
-5.7854242456257243e-01
1.2885234850297864e+00
-1.0238746768108287e+00
4.3085252534522684e-03
-7.7618969062915222e-01
7.5246943035433711e-01
8.7821468997173313e-01
-1.3123011649706271e+00
-7.4429690373972313e-01
-1.2298168762855144e+00
7.5070286126480223e-01
1.5331783564708656e+00
-1.2274180642161128e-01
2.2660950247114937e+00
1.0184773896168169e+00
3.7632226894649901e-01
4.6425753564282862e-01
1.4558427443073281e+00
1.0935665113895225e+00
-3.2448423121929898e-01
-7.1671887481876739e-01
-2.4262607292035426e-01
5.6742856937824282e-01
8.1832735996162320e-01
7.6580894131780305e-02
-9.7067263653550695e-01
-1.1533086017321867e+00
-3.2379058977625896e-01
-1.3147835647336161e+00
2.9671363812800006e-01
-9.2413799774600913e-01
1.5670475735134384e+00
1.4254220706297085e+00
-7.3095581073827343e-01
1.5504810012013656e-01
-4.8472441748488915e-01
1.1447695401832774e+00
-2.6004446715738666e-01
-7.6356422351554076e-01
-6.4754148182734850e-01
-3.2493805273845050e-01
-2.2465702553003944e-01
-2.4141963607353514e-01
-1.6049487983975099e+00
2.3517067489410290e-01
7.9406256355341709e-01
-1.3380007124808335e-01
-5.7980456688562276e-01
-2.2494636993994002e-01
4.8936039612188659e-01
-3.0713377581122203e-01
-1.0222297912281624e+00
-4.8198722212132888e-01
-8.1115821996534138e-02
6.8749313633413323e-01
1.5448362918138128e-01
1.2386622522107522e+00
7.7433107339611207e-01
6.1700861814073327e-01
-1.5697251380573740e-01
6.9334762188317234e-01
-7.9576111039356190e-01
2.0840931293991183e-01
-1.7455637535920117e+00
-2.1124478309223008e-01
6.2367898380517017e-01
-7.3758698678052376e-02
-1.9273885425572704e-01
-2.9551421193660893e-01
-8.3920227301491745e-01
-3.0275607866567938e-01
2.1322143918802072e-01
3.0189372688282518e-01
8.6087564525068361e-01
-6.1261423975661877e-01
4.9851762735960603e-01
-1.0956544096249653e-02
-1.1521947112955084e+00
5.3549187463765158e-01
-2.4921307649097207e-01
-2.8530415729867475e-05
-8.4861195426239733e-01
5.7512336999758280e-02
-5.3665321567715453e-02
-3.7857131434573427e-01
7.8070524033923050e-01
6.1374399286281278e-01
-7.5169452772938539e-01
1.0120006433765087e+00
-9.0344766472177018e-01
7.5338372550664023e-01
-5.7272033280504409e-01
-5.7456763951300373e-02
-1.6710256819257114e+00
-1.5215487732198887e+00
-5.8502905233983471e-01
1.4300817436690509e+00
-1.4739116205493372e+00
-2.0596619357993395e-01
-9.3983882829122445e-01
2.1088132829564219e+00
3.8712185705665092e-01
1.4590016952387810e+00
-4.0893930723593780e-01
5.5299680052570610e-01
-1.4978420678256223e-02
-5.7948930073771754e-01
-8.6955923380871047e-01
-1.5686137629328150e+00
-2.9264600677509606e-01
1.0703478236780333e+00
-1.8707054666378203e-01
1.9623883830499300e-01
1.6055198728812146e+00
1.3978782416178952e+00
5.9770965922507147e-01
1.5466183976379666e+00
-9.7498956764227263e-01
7.4870723700264419e-01
-1.0970266734033189e+00
-5.8374712818773311e-01
2.3536651782020765e+00
7.1635292882683543e-01
1.0824375464959874e+00
-7.1867825339715250e-03
1.8467923647330908e-01
-2.6557158189675034e+00
-2.5761180710347859e-01
3.1137375155695096e-01
-8.0474561065731398e-01
6.3426569536001043e-01
-5.3939766050136173e-01
7.2542154928109792e-01
3.6827292424007574e-01
1.2844208955954197e+00
3.9359156035030096e-01
1.8610898732652334e-01
8.2941399579148301e-01
1.0760889165213372e+00
-1.6799939756223339e-01
-3.8588872142544822e-01
6.4211718331871437e-01
-1.8189540739762446e+00
7.8422589454209490e-01
2.2772001259943972e-01
8.8420621726074222e-01
7.8701945560234021e-02
7.8338341687208013e-01
-1.6015585633511220e+00
8.6596288623296225e-01
1.1321245203611672e+00
5.2292376577470245e-01
8.5476364014418826e-01
5.5210797424880742e-01
5.9680605077823257e-01
-1.0431839443748478e+00
1.3177530579264213e-01
-8.0505752943219622e-01
3.4497673239468080e-01
-5.8728191036372135e-01
1.6141037242703207e+00
-2.4597227190272050e-01
8.5407818619398146e-01
-8.6720620781863356e-01
2.5710227985803837e+00
4.4280493598446014e-01
6.2290809492059240e-01
-2.0881906042103157e-01
7.9126268638454811e-01
1.3396357204752998e+00
3.6972139935130854e-01
-2.2617028732097295e+00
-2.9258927375842125e-01
5.9748282683665895e-02
7.3030785371947027e-01
-4.3047094283350518e-01
1.8740387764816535e+00
9.8912725669454016e-01
-3.2176283085031726e-01
-3.8731426126540841e-01
4.0255347492884792e-02
1.6461710602901478e-01
-1.1193374854820262e+00
-2.3556072195955742e+00
-4.5310396815443876e-01
9.8663200426961428e-01
1.2554358394251077e+00
1.9962488067195836e+00
-2.1742121374422047e-01
9.6815516415210978e-01
-2.1825323489664546e-02
3.1867921727659376e-01
-7.9736893460294922e-01
-5.8799135406154301e-01
1.3737001685214358e+00
-6.6314269990197627e-01
-6.9086169723669189e-01
1.1860952821829067e+00
-1.5788472042087205e+00
-1.1560629440094703e+00
2.5694237252674310e+00
7.8706566982354054e-01
1.6834329585080579e+00
-4.6160300795839881e-01
-2.1925631815449997e-01
-6.0469175266429465e-01
3.7000058798969282e-02
-7.3403672391107511e-01
2.0687543632295355e+00
1.2703840752340336e+00
1.8151223446676157e+00
8.1581750032387257e-01
-1.3987970933085399e+00
-2.7842680920079299e-02
1.4472664422983006e+00
1.0107524387911826e+00
7.9797310116725362e-01
-2.1011068064050380e+00
7.7106978486856281e-01
-9.7215962025977998e-01
-2.6957913555497764e-01
-6.1434507225618185e-01
2.3895257820436808e+00
-3.9222254091630782e-01
1.1984636598607081e+00
2.0827578957348725e-01
2.3002031302155315e-01
-7.4083137861874904e-01
-7.8599161739601642e-01
-1.7968449970588571e+00
-7.7708303433485426e-01
1.5260115580323286e+00
-8.3210994928237736e-01
-3.6094484615755784e-01
-2.1285180838229625e+00
-1.9227156262521157e+00
4.8810587420248235e-02
-1.6252151064812999e+00
1.3012368436761428e+00
-1.0073331864021795e+00
-3.5376294193849495e-02
2.9496007613853792e-01
3.4016629064656756e-01
1.6471860036954089e+00
-1.0323165403798846e+00
1.4218181191819586e+00
-2.1205545083468785e-01
1.7632224861757609e-01
4.8864056253894805e-01
-1.9786414532830243e+00
5.7125214990498926e-02
-7.1887116626503911e-01
1.1655134454694500e-01
2.7447915365280312e-01
1.6236543175385861e-02
-9.6777156999275316e-01
-2.2594321582203400e-01
1.2820554108639943e+00
-5.0875856268002695e-01
-1.3215822294520216e-01
1.9167724544681634e-02
1.0104818130939981e+00
-1.7257071589125765e+00
4.8562152611504172e-01
-4.4204089688033532e-01
-9.4478179074833302e-02
5.2934015913961474e-01
-5.3843985612456113e-01
8.0874942452035581e-01
1.7791347047376194e-01
-1.7073293098619438e+00
1.5552480734149601e+00
1.2861492360234559e+00
-5.1855349075290846e-01
1.1400885649410581e+00
-1.1961711251443354e+00
5.7647980834489643e-01
1.6451676835220639e+00
-7.7820080551363385e-02
2.4051984594024717e-02
-1.5210969374086163e+00
-4.9068119345522471e-01
-7.9738488711858457e-01
-1.0639167667884368e+00
-8.6179305228187630e-01
-1.1227243969518808e+00
1.1675513529564430e+00
6.4688303643643330e-01
4.6264703464559864e-01
-5.7405237880725779e-01
1.3306092842060155e+00
-1.1496330101146126e+00
-7.9577508320275117e-02
-1.0536560669738317e+00
1.0233212342982232e+00
2.2198751488309871e+00
-1.6238550462983143e+00
-1.7276797218609159e+00
2.1196274202208110e-01
-9.7007304602899702e-01
-1.6814777169887618e-01
-2.7989216217376183e+00
-2.4509515453356210e+00
2.2414703621097545e-01
-1.5418048151401256e-01
-4.8668953715920360e-01
-7.4975469278799467e-01
-5.2317013533706336e-01
8.2988655211504136e-01
9.5640496394132679e-01
-4.6914476812112790e-02
1.2221460521372809e+00
1.1165842426654318e+00
-4.6035443077037184e-02
6.3816798683435083e-01
-2.2207454308831534e-01
-1.1544640945895084e+00
1.8027420365042635e+00
1.7181780818075032e+00
1.5565218842288487e-03
-1.4527404681074030e-01
1.2294987671129336e-01
1.7079285030593176e+00
-2.1605612953456688e+00
1.5916290919902629e+00
-8.0544430175146053e-01
-1.4643552369241806e+00
1.3513845930322035e+00
1.1306653784615828e+00
5.0265086041344664e-01
-4.9666364986591521e-01
-1.8221986608549104e-01
2.6673696192517604e-01
1.2169412789436662e+00
1.1721873624892738e+00
-4.3899611840951847e-01
6.2861862895120013e-01
5.9352045543990639e-01
1.5796754338129875e+00
4.5999516961216003e-01
4.6981393178155188e-02
-1.5314575598157579e-01
-1.4952929871962768e+00
-1.2738498498063306e+00
3.5831955242029584e-01
-8.2324214410709085e-01
-2.4255815174309084e-01
-7.8860011033014821e-01
1.1545481515133067e+00
5.9484498430292432e-01
1.6792313646747197e+00
-6.6758238759058330e-01
4.6423879123868789e-01
-1.8956566142993703e+00
1.9465106497556826e+00
3.9305725798455787e-01
1.4095374801261491e+00
8.2098107619115268e-01
2.4466384461247095e-01
-1.7896068106800926e+00
1.1989250029465495e+00
5.6988332085667281e-01
1.8905311090480370e+00
-8.7637217114499066e-01
6.9544093329361595e-02
1.0623272248715725e+00
1.3948838241334174e+00
-1.5068875261771157e+00
-1.0832830047329527e+00
-9.6076294135776830e-01
1.1782151245013770e+00
1.6678136848343903e+00
4.0061485664689145e-01
1.5066370429711877e+00
1.2785147655748554e+00
5.0333500295239100e-02
4.6862555252543175e-01
-9.6443782922781954e-02
-9.9781577694266244e-01
9.8176293628335443e-01
-1.8444027319686764e+00
-1.5724376800215116e+00
1.8811395180464355e-01
-9.7782855189631090e-02
5.2891820193932282e-01
1.4623188929392352e+00
-2.6422777079895226e+00
4.2349521115422584e-01
-8.0086090690830714e-01
4.2664682969198725e-01
4.5125517770637824e-01
-1.7601827931987182e-01
-5.4572125355736012e-01
8.3550539030279503e-01
-5.4788563427318304e-01
7.9823076869624632e-01
6.2047922682131540e-01
8.4054119655125670e-01
5.8943860099631729e-01
-7.8249356329476671e-01
1.7012825071556709e-03
1.4805339048782780e+00
2.7383152388938475e-01
6.1984430775846711e-01
6.7285926910020777e-01
6.3316146331309442e-02
1.0031647742259144e+00
-4.5818721441676019e-01
-1.0756208791018189e-01
5.9370140411711048e-01
6.6630091328705432e-01
-1.4867016342165351e+00
-8.8673948568971694e-01
-1.4078832729351651e-01
9.2239490366367272e-01
-7.0038161137202715e-01
9.3065728697087613e-01
2.9688732200153040e-01
-1.1568149110346428e+00
-3.8437465624203027e-01
9.0022606515968884e-01
-7.8737229567362488e-01
-3.1067855003883754e-01
1.1341048773680946e+00
6.0720502060160619e-01
-1.0643037250001413e+00
-1.1722491167829290e+00
-7.8877731722582844e-01
3.6801299696537015e-01
8.6702375585642277e-01
2.1155281209462366e-02
1.9502518324644278e+00
1.3503553224042271e+00
2.0477477800857398e+00
-3.6368266055984033e-01
-9.0830200658213911e-01
1.5307654440033158e+00
3.7881768134519189e-01
-3.9686478694482032e-02
-2.1105336600791599e-01
7.0017169092290776e-01
-5.8283318638940584e-01
6.2766784953831212e-01
-5.9463743745553388e-01
-1.9801294617509135e-01
9.6544849306078551e-01
-7.3429051043018459e-02
-2.3403876527322842e-01
-1.6533835969822697e+00
-1.7840772600271437e+00
4.7177051379920687e-01
3.4050832926827845e-01
-3.1919093642936330e-01
1.1613619855849917e+00
-9.5631396690662240e-01
2.0669060286549885e+00
-1.1357203012784500e+00
-1.2156765211904130e+00
1.0163675263031511e+00
-1.0143606055230237e+00
6.3460532012539606e-01
-2.1722502328593798e+00
1.4259535042687193e+00
5.8727717702683946e-01
-5.3395698957599447e-01
-1.1532268860504680e+00
6.1875723270970562e-01
-1.5362328887181476e+00
4.9753853459330449e-01
-6.0235218072575303e-01
-8.7801532059749901e-02
-7.0357826218993003e-01
9.4202427765472802e-02
1.7827691505134047e+00
1.8660058740672506e-02
-1.1876970943287575e-01
-1.0281183573788828e-01
8.9097129649089313e-01
1.2251726116904273e+00
1.1388777820370494e-01
-8.8415892172621657e-01
-5.0540167131454361e-01
-6.7811005601514629e-01
5.2702339074895443e-01
4.6207479854976347e-01
8.3188001155910374e-01
-2.9290702112203286e+00
-2.5149672010254722e-03
-2.6058379639788143e+00
1.8478158542210981e+00
2.8336621748632373e-01
5.5604305280090016e-01
-8.8550515400226182e-01
1.3853245867801107e+00
3.2141140464318013e-01
1.6066757934575449e-01
-5.7633769474115859e-01
-9.1140497369540163e-01
1.0355334385404948e+00
7.4423323290489662e-01
-1.2876515475935737e+00
7.4218629177701134e-01
-1.3785238513836588e+00
-1.7924539525301564e-01
6.1517815189164138e-01
-5.3214071712689603e-01
1.9683819043207026e-01
-1.1518003771027667e+00
7.5690604979195686e-01
2.4527779669841243e-01
-5.4486500522488146e-01
-2.4445091721391687e-01
1.2375459535686023e-02
-3.3049741225757168e-01
1.1225274168012656e-01
2.8128008670307753e-01
2.0396647838366463e-01
3.4171952312741605e-01
4.1174608278026109e-01
1.0983389379252799e+00
-8.9137149686357076e-01
7.4762709692800233e-01
-7.1468331785000727e-01
-8.4225003759180161e-01
1.0032708358856926e-02
-2.4575360974455491e+00
-5.7836726157846810e-02
1.1596669394909971e+00
3.0490187174039656e-02
-5.4645358015430257e-01
2.1893744489638856e-01
-6.5958157109862126e-01
8.8290915933475989e-02
1.9498809555726077e-01
-7.0764461817192603e-01
-1.4902550590966430e+00
3.4929457411476811e-01
-1.6882531459152009e-01
-5.7771975689247668e-01
-6.6343362257876104e-01
-1.8752998745776103e-01
-6.3691206216311025e-01
1.7471461181490546e+00
-1.4746162742913413e+00
-1.1795879957265005e+00
7.2533188976879515e-01
1.2671751638266910e+00
2.0498260614284636e-01
1.3535126882046942e+00
1.4735190230255562e+00
1.0266841970879537e+00
1.7288146756021580e-01
-5.1557491200912786e-01
1.1099942611085305e+00
-7.8015308854510940e-02
-9.1893365964820362e-01
1.4397733081635236e-01
-7.0739728917307210e-01
1.9739228116494256e-02
-8.2809530876207782e-01
-1.2696647277372743e+00
-8.3049808954767601e-02
-8.7571866150698319e-01
-3.6774336856256890e-01
-7.1372740940738999e-01
-2.7680538225817547e-01
-5.6172638128599706e-01
-2.6003415767799063e+00
-1.2932885170900181e+00
1.1260552306588532e+00
-1.0167563114501907e+00
-2.7361543327186180e-02
4.5933652925357554e-01
5.0737819891219206e-02
-1.0026896026032137e+00
1.1982606906395739e+00
-9.4196470577560454e-01
-1.2588321113319203e+00
5.0129802328312700e-01
-2.0768027238191702e+00
-9.6112655953580839e-01
-1.2131768349191603e+00
-4.7201280103739668e-01
-1.4333590792604798e+00
-7.1507981854165936e-01
1.1019635255222437e+00
7.2239761636633315e-01
4.2895889258227751e-02
-8.7650159187919285e-01
-9.0562578891472956e-01
-5.3893260611188754e-01
1.8122199530463903e+00
4.9626597613479473e-01
-7.5373880873804000e-01
-2.4111839065460458e-01
9.9508378454404289e-01
-8.6549259309732574e-01
6.1381403087323716e-01
8.1987629574239140e-01
7.8197619058514001e-01
7.0008103632841112e-01
2.3692007422206594e-02
1.6965006731458157e+00
-1.6670297498176972e-01
-6.3859959668814692e-01
6.8444430560383274e-01
-4.9701738929360928e-01
9.7224984390215452e-01
7.3044987508898174e-01
-8.7032326088883405e-01
8.8421592140390526e-01
-6.6169226313467311e-01
-6.6074566341858287e-01
1.4529500921624692e+00
8.3253928252349119e-02
-3.8792128128839820e-01
7.9459504143810578e-01
-1.1104762836034023e+00
1.3493092225300147e+00
-1.5827015778608686e+00
-5.7773266280233604e-01
7.9232959568208794e-01
-5.8812839444337288e-02
5.1815768561298692e-01
-1.5501255508076206e+00
-1.9753988126794131e+00
7.7143012799262323e-01
4.7083530064418544e-01
2.3883615841449010e-01
-1.5334437366066271e+00
-1.0184192595465178e+00
1.4600404370988846e+00
-1.5113829108488847e-01
1.6067629725757042e+00
-6.8724841748796395e-02
-1.2135655725620065e+00
4.5079512579059222e-01
-1.2117396774309914e+00
3.2259221987178799e-01
5.8425874893926387e-02
-3.6671213927530621e-01
-7.2977126025865957e-01
-1.9737309737552461e-01
9.5412946679179145e-01
3.8148205505560623e-01
-1.0341319268418248e+00
6.5746332946573749e-01
9.5521473742132612e-01
-4.7200875940155840e-01
-1.1787500649600613e+00
1.2196224310870101e+00
-6.4263208396483606e-01
-1.4366443927218245e-01
-4.9268358495110426e-01
1.2251318993685583e+00
1.2720518907720968e+00
9.8937070130398408e-01
1.3843958106015866e+00
9.9647881714581565e-01
-7.1601606181367428e-01
4.4867696499810567e-01
3.8953128191648007e-02
1.4478629225681550e+00
-1.5012872695697390e+00
6.1729209138881236e-01
-1.8765935455421507e+00
1.3027433895386313e+00
6.2626707331294706e-01
-9.8523654343768519e-01
6.0772800454109321e-01
-4.3595287223533352e-01
5.2424407712105858e-01
